63 63
    0.129724    0.0165448   -0.0181544    0.0763733  -0.00628091   0.00984949     -0.05546  -0.00755354   0.00280567   -0.0687087   -0.0182915    0.0140196   -0.0757931  -0.00947656  -0.00334487    0.0145586  -0.00441416   0.00257634   8.2688e-05   0.00487733  -0.00204607    0.0185406   -0.0101209   0.00430805 -3.83186e-05  -0.00462175  -0.00212713     0.004596  -0.00586946   -0.0113984     0.011694    0.0149246   0.00144998    0.0198324   -0.0146587    0.0122858   0.00373965   0.00503689  -0.00531109  -0.00389723   -0.0124291   0.00822641    0.0248137  -0.00753857  -0.00346562   0.00707368  -0.00658568   0.00245581     0.018442   -0.0135149   -0.0045079    0.0238885   -0.0324443  -0.00651089    0.0206344    0.0312687   0.00609439    0.0048842   -0.0159496   -0.0169401   0.00260392   0.00833633    0.0119499
   0.0165448   0.00918443    0.0023574     0.004499  -0.00179128  -0.00146068  -0.00510177  -0.00275313  0.000697329  -0.00858719   0.00365748  0.000881413  -0.00833364  -0.00248502  0.000896877  0.000982537  -0.00191523  0.000706968  -0.00326648   0.00350147 -0.000861829  0.000588281  -0.00165239   0.00110727 -0.000708979  -0.00186755  8.12184e-05   0.00305252  -0.00164994 -0.000670596   0.00246626   0.00161335  8.14349e-05     0.002237  -0.00149019   0.00153521  0.000250248  -0.00211529  0.000728373  -0.00109809   -0.0017208 -0.000628342   0.00158664 -0.000295133 -0.000120985  -0.00264077   0.00109206   0.00775838  -0.00105432  -0.00372637  -0.00661836   0.00260164   0.00632565  -0.00493879    0.0017805  -0.00232638   0.00386495   0.00924137  -0.00168359  -0.00308308   0.00264355  0.000724864    0.0026419
  -0.0181544    0.0023574      0.02118   -0.0169733  0.000318121   -0.0122789   0.00598242 -0.000547027   -0.0019335    0.0127396   4.8052e-05  -0.00152637    0.0153616    0.0057522   0.00181173  -0.00107878  0.000413581 -0.000578572  -0.00502936  0.000551297  -0.00570162  -0.00770913   0.00545185 -0.000246993  -0.00201129 -0.000605912  0.000333755  0.000189316   0.00155281   0.00990999  -0.00201673  -0.00945026    0.0026097  -0.00235642   0.00500092  -0.00140623 -0.000798545  -0.00123331   0.00228874   0.00113889 -0.000387991  -0.00281278  -0.00547658   0.00258989  0.000672336  -0.00545385  -0.00268719   0.00561942  -0.00502054   0.00210368  -0.00209338  -0.00806157  -0.00113556   0.00546535    -0.004872     8.91e-05  -0.00409129   -0.0040065   0.00315261  0.000703461  -0.00448186  -0.00267692   0.00243039
   0.0763733     0.004499   -0.0169733     0.131408   -0.0154096      0.01564   -0.0557458    0.0109709  -0.00185221   -0.0648644   0.00160757   0.00834422   -0.0775877   0.00858891  -0.00803313     0.013642   -0.0052223   0.00153762    0.0120521   0.00686824   -0.0064879   0.00382423  -0.00625366  -0.00757131  0.000966839   0.00310644   -0.0025114   0.00822853   -0.0056731   0.00115483   0.00768346   0.00809233    0.0169894    0.0194706  -0.00204549    0.0117581  0.000816464     0.010839  -0.00524808  -0.00287594  -0.00686596   0.00859605    0.0229154  -0.00171615  -0.00596467    0.0125056   0.00917284   0.00611315    0.0142918  0.000438241  -0.00658142    0.0215732   -0.0125708    -0.013673    0.0208603    0.0166331    0.0132481   0.00297666   -0.0125506   -0.0166736  -0.00548925   0.00699348    0.0102227
 -0.00628091  -0.00179128  0.000318121   -0.0154096   0.00788107  0.000707195   0.00436169   -0.0028214 -0.000263577   0.00625424  -0.00199367  9.66288e-05   0.00819243   0.00567421 -0.000886669 -0.000844856 -0.000537675   0.00115091  -0.00203627  -0.00136145   0.00182282  -0.00135997   0.00505306  0.000617721  3.82377e-05  -0.00170328  0.000339745  -0.00156483   0.00161723 -0.000960834  -0.00117182  -0.00243388  -0.00103294  -0.00260941  1.64378e-05 -0.000329246  0.000836818  -0.00103797 -0.000388485 -0.000207833  -0.00109053   0.00071742  -0.00281234  -0.00130946  0.000233175  0.000490545  -0.00430632  -0.00675737    0.0027246   0.00166114    0.0080797 -0.000763928   -0.0061322   0.00575865  3.86054e-05   0.00764957  -0.00630763  -0.00347007   0.00165366   0.00293825  -0.00414593 -0.000584954  -0.00228504
  0.00984949  -0.00146068   -0.0122789      0.01564  0.000707195    0.0183656  -0.00436913   0.00104758  -0.00123687  -0.00848064   0.00347185    0.0015401   -0.0134116  -0.00310134  0.000187062 -0.000177747  -0.00174676  0.000328591    0.0067492    0.0024493   0.00227972  0.000297984  -0.00121795   -0.0053489    0.0011866  0.000225869  5.83457e-05   0.00197369  -0.00431486  -0.00681446   0.00466537    0.0040836   0.00443496   0.00153713  0.000904021  0.000422925 -0.000428766    0.0001378  0.000316302  -0.00119802 -0.000485266  0.000907032  0.000495688  0.000160969  0.000565641   0.00323315   0.00535296 -0.000338019   0.00405087  -0.00183066   0.00369214   0.00322128   0.00978346  -0.00617785   0.00890322  -0.00518076   0.00441994    0.0052337  -0.00142081  0.000416111 -0.000670303   0.00186273 -0.000503785
    -0.05546  -0.00510177   0.00598242   -0.0557458   0.00436169  -0.00436913    0.0445505  7.86002e-06    0.0010983    0.0371023   0.00472946  -0.00569385    0.0388585  -0.00712892   0.00379516  -0.00575584   0.00236987  -0.00211516  -0.00171766  -0.00427281    0.0044706  -0.00270874   0.00337004  -0.00275727   0.00015124   0.00127887   0.00166684  -0.00169643    0.0046812  -0.00302342  -0.00246031  -0.00666913   0.00183597  -0.00340389  0.000632335  -0.00750325 -0.000814353   -0.0134182  0.000134668   0.00278359    0.0158851  -0.00319175  -0.00940594   -0.0011805   0.00457458   -0.0069684  -0.00133331  -0.00178262    -0.011871   0.00501019   0.00347257   -0.0126106     0.025218    0.0031864   -0.0111105   -0.0218212  -0.00383955   0.00791299   0.00701757    0.0133648    0.0088584  -0.00332805   -0.0129421
 -0.00755354  -0.00275313 -0.000547027    0.0109709   -0.0028214   0.00104758  7.86002e-06   0.00536521 -0.000657815 -0.000813749   0.00165267 -0.000647056  -0.00246765   0.00104683 -0.000513131  0.000289654  0.000777152  -0.00052466    0.0021251  0.000129244 -0.000904437  -0.00154557 -0.000266505  -0.00200051   2.1009e-05   0.00258043  4.65293e-05   0.00159249 -0.000276651   0.00211927 -0.000268613  -0.00070747   0.00299965  0.000803307   0.00301047  2.46657e-05  -0.00125853  0.000329434  0.000538705  0.000329094    0.0036637 -0.000194648  0.000120305   0.00106196  -0.00044033   0.00103382   0.00388708   0.00224069   -0.0018458   0.00426937  -0.00180342  -0.00153652   0.00589503  -0.00274265 -1.14223e-06  -0.00384372   0.00252556  0.000708577  0.000442385  0.000451202 -0.000367697 -9.77329e-05 -0.000670404
  0.00280567  0.000697329   -0.0019335  -0.00185221 -0.000263577  -0.00123687    0.0010983 -0.000657815   0.00327865  -0.00128216 -0.000647324  0.000393756  -0.00377413  -0.00178494 -8.89019e-05   0.00027783  0.000799287 -0.000332989   0.00149535 -0.000399281 -0.000630145   0.00143643  -0.00116885   0.00049685  0.000133458  0.000363083  0.000244547  -0.00107832  1.37738e-06 -0.000346075  0.000687981  0.000789348  -0.00131191  0.000404176  -0.00116655  -0.00029456  0.000192418 -4.66487e-06 -0.000716205  0.000278493    0.0015446   -0.0007903  0.000136222   0.00122714 -0.000434212  0.000900188  0.000749923  -0.00171451  -0.00208792  0.000437234  -0.00316218  0.000918839   0.00175226 -0.000905415  -0.00203378  -0.00330466   0.00173085  0.000461478 -0.000730796 -0.000171247   0.00286146   0.00025491  -0.00153956
  -0.0687087  -0.00858719    0.0127396   -0.0648644   0.00625424  -0.00848064    0.0371023 -0.000813749  -0.00128216     0.118373   0.00163039   -0.0149251    0.0851496 -0.000113382   0.00607849  -0.00714589   0.00360548   0.00100931   -0.0182842  -0.00682534    0.0131836   -0.0166965    0.0040815   -0.0079373   0.00044736 -0.000607965  0.000563256   -0.0154554    0.0119671  -0.00763435   -0.0139876   -0.0104122 -0.000949556   -0.0103698  -0.00396649  -0.00381446   0.00162506  -0.00422188  0.000285189   0.00158153   0.00641398 -0.000632246   -0.0116158  -0.00199029   0.00225886  -0.00793207  -0.00259959   -0.0103309  -0.00611594   0.00207774    0.0141897  -0.00220054   -0.0087593    0.0178963  -0.00513674   0.00959518   -0.0203755  -0.00470687      0.01449   0.00957975   0.00475953  -0.00835849  -0.00880837
  -0.0182915   0.00365748   4.8052e-05   0.00160757  -0.00199367   0.00347185   0.00472946   0.00165267 -0.000647324   0.00163039    0.0288335  -0.00293916   0.00310527  -0.00466767  0.000780447   -0.0011146   -0.0025715  0.000597358    0.0030876   0.00486567   0.00252383   -0.0020222   0.00266236  -0.00329764 -0.000449336 -0.000521358  0.000372388   0.00204436 -0.000132571  0.000721694   0.00033255   -0.0019055   0.00309796  -0.00353444   0.00127563  -0.00176975   0.00109264  -0.00489492  -0.00238133  0.000916241   0.00261888   0.00147993  -0.00118603   0.00140065  0.000184112   0.00245827 -0.000494273  -0.00543521  0.000371464   0.00431933    0.0046204   0.00318023  -0.00224039 -0.000835912   0.00237244   0.00545227  -0.00243929   0.00104761 -0.000234721  0.000634369 -8.91753e-05   0.00180141  -0.00169127
   0.0140196  0.000881413  -0.00152637   0.00834422  9.66288e-05    0.0015401  -0.00569385 -0.000647056  0.000393756   -0.0149251  -0.00293916   0.00543736   -0.0141413 -0.000457277  -0.00143757   0.00197068 -0.000325661  -0.00015257   0.00386495  0.000531392  -0.00266479   0.00386134   0.00034501  0.000753057 -0.000148261 -0.000268345  5.43478e-05  0.000313896 -0.000831782   0.00131616   0.00197065 -0.000112252  0.000737003   0.00232732 -0.000862504  0.000649332  0.000261679  0.000368429 -0.000478619 -0.000255881 -0.000806125  0.000302744   0.00192854 -0.000541349 -1.05256e-06   0.00167337  -0.00253052  -0.00281571   0.00247054   0.00047993   0.00238138   0.00178275  -0.00612452   0.00112421   0.00171235   0.00686424  -0.00139923  -0.00168293  -0.00212848 -0.000475672  -0.00160386   0.00157983 -0.000228887
  -0.0757931  -0.00833364    0.0153616   -0.0775877   0.00819243   -0.0134116    0.0388585  -0.00246765  -0.00377413    0.0851496   0.00310527   -0.0141413     0.136195   0.00448112   0.00838133  -0.00890497   0.00537258  0.000115737   -0.0185855  -0.00298804    0.0139597   -0.0223718   0.00395007  -0.00590604   0.00039479  -0.00108776 -0.000775388   -0.0139786     0.012681   0.00126943   -0.0216425  -0.00960212 -3.33643e-05   -0.0154027   0.00587027  -0.00488302  0.000261009  -0.00140564 -0.000181634   0.00208113   0.00221425 -7.61911e-06   -0.0131206   0.00309634  -0.00224272  -0.00936873   -0.0024676  -0.00770888  -0.00404768    0.0018677    0.0156619   -0.0101989  -0.00865531    0.0186809   -0.0103494   0.00556972   -0.0189999  -0.00710198    0.0174948    0.0102175   0.00158927  -0.00954534  -0.00385906
 -0.00947656  -0.00248502    0.0057522   0.00858891   0.00567421  -0.00310134  -0.00712892   0.00104683  -0.00178494 -0.000113382  -0.00466767 -0.000457277   0.00448112    0.0288459  -0.00407922 -0.000583131  -0.00161939   0.00157854  -0.00199559   0.00301513  -0.00332264  -0.00501645   0.00633192   0.00408256  0.000762529 -0.000190877 -8.25295e-05   0.00137995 -0.000810698   0.00792545   -0.0051898 -0.000601078  -0.00262392  -0.00270165   0.00715624   0.00101391  -0.00304567     0.004095   0.00691465  -0.00301402  -0.00519841  -0.00557488  -0.00395547   0.00440709  -0.00188537  -0.00343845   0.00314789    0.0109164  -0.00260203   0.00260792  -0.00941234  -0.00915807   0.00887107  -0.00317463  -0.00534561  -0.00639176    0.0043909  -0.00409908   0.00269238  0.000681452   -0.0085409  -0.00308927   0.00215292
 -0.00334487  0.000896877   0.00181173  -0.00803313 -0.000886669  0.000187062   0.00379516 -0.000513131 -8.89019e-05   0.00607849  0.000780447  -0.00143757   0.00838133  -0.00407922   0.00499627  -0.00121098  0.000404814 -4.84032e-05 -0.000443272   0.00149808  0.000200123  -0.00236013 -0.000896694    -0.001664 -0.000144996  4.33079e-05  7.38072e-05  0.000107758  -0.00144085 -0.000436701   0.00195893  0.000446008   0.00132247  5.70504e-05   0.00137733 -0.000177018 -0.000623028  -0.00116333 -6.35052e-06   0.00017855    0.0010001  0.000294361  0.000338894  0.000540308  8.18466e-05  -0.00141876   0.00274503   0.00603908  -0.00277392  -0.00172555  -0.00548139  -0.00299041   0.00939477  -0.00409598  -0.00168219  -0.00887885    0.0035853   0.00447087  0.000524358 -0.000918801   0.00203057 -0.000377557   0.00135969
   0.0145586  0.000982537  -0.00107878     0.013642 -0.000844856 -0.000177747  -0.00575584  0.000289654   0.00027783  -0.00714589   -0.0011146   0.00197068  -0.00890497 -0.000583131  -0.00121098   0.00952158 -0.000670182  0.000356935   0.00249461   -0.0014264 -0.000950358    0.0036405  0.000598678  -0.00120945  0.000257341 -0.000286875  -0.00049942  -0.00161591   0.00342863   0.00100332 -7.68558e-05  0.000152573   0.00272085   0.00870302  -0.00308079   0.00145433   0.00323866  -0.00366021  -0.00414745   0.00218309   0.00391383   0.00308231   0.00515739  -0.00248622 -0.000775578   0.00566466  -0.00569152  -0.00928858   0.00557631    0.0032094     0.007461    0.0104593   -0.0201822   0.00349997   0.00744441    0.0199477  -0.00399551  -0.00275609 -0.000441683 -0.000482881   0.00105589   0.00122045  -0.00181944
 -0.00441416  -0.00191523  0.000413581   -0.0052223 -0.000537675  -0.00174676   0.00236987  0.000777152  0.000799287   0.00360548   -0.0025715 -0.000325661   0.00537258  -0.00161939  0.000404814 -0.000670182   0.00464951  -0.00162467  0.000972232 -0.000986136 -0.000229772 -0.000603143 -0.000924291 -0.000480138  0.000504353   0.00163942 -0.000390966   -0.0026407   0.00123142   0.00139313  -0.00188814  -0.00119526 -0.000432731 -0.000380806   0.00183729 -0.000561524   0.00119453   0.00778994  -0.00316432   0.00218365  -0.00209207     0.001882 -0.000327049   0.00320845  -0.00171882   0.00307011   0.00540258  -0.00561002  0.000617082  0.000297063   0.00218987   0.00129288   -0.0012676    0.0011782  -0.00102569  -0.00303417   0.00238075  -0.00234208   0.00168286  0.000187765  0.000535306 -0.000986674 -0.000890041
  0.00257634  0.000706968 -0.000578572   0.00153762   0.00115091  0.000328591  -0.00211516  -0.00052466 -0.000332989   0.00100931  0.000597358  -0.00015257  0.000115737   0.00157854 -4.84032e-05  0.000356935  -0.00162467   0.00402816  -0.00271037  0.000776772   0.00117658  0.000995044   0.00141488  0.000995103   6.1446e-05  -0.00108527  0.000871522   0.00128044 -0.000624414  -0.00035315 -0.000442013 -2.69102e-05 -0.000112793   7.4125e-05 -0.000535972   0.00229883  0.000756654  4.83925e-06  0.000215514 -0.000462521  -0.00244416   0.00306532   0.00125391  -0.00258583  0.000264977  6.23043e-05 -0.000898557 -0.000204263   0.00260639 -0.000953997   0.00319266   0.00184594  -0.00176464 -7.28962e-05  0.000985133    0.0036523  -0.00232831   0.00129907  0.000310617 -0.000433734   -0.0017633 -9.84828e-05  0.000770113
  8.2688e-05  -0.00326648  -0.00502936    0.0120521  -0.00203627    0.0067492  -0.00171766    0.0021251   0.00149535   -0.0182842    0.0030876   0.00386495   -0.0185855  -0.00199559 -0.000443272   0.00249461  0.000972232  -0.00271037    0.0415131  -0.00128594   -0.0167029    0.0127668  -0.00236864  -0.00224489   0.00104892   0.00172555 -0.000553324   -0.0106983  -0.00489122    0.0084582  0.000731561   0.00415465 -0.000708193    0.0036055   0.00277049  -0.00573885   0.00056339   0.00398584  -0.00128067    0.0025393 -0.000564119  0.000645374   0.00312338     0.005028  0.000434318   0.00466681   0.00363582   -0.0021453   0.00258276 -0.000748805  0.000665929  -0.00567427    0.0124067  -0.00924351    -0.002861   -0.0132689    0.0107356  -0.00442576  -0.00172958 -0.000636812  -0.00232036  0.000858927 -0.000531002
  0.00487733   0.00350147  0.000551297   0.00686824  -0.00136145    0.0024493  -0.00427281  0.000129244 -0.000399281  -0.00682534   0.00486567  0.000531392  -0.00298804   0.00301513   0.00149808   -0.0014264 -0.000986136  0.000776772  -0.00128594     0.010247  -0.00124284  -0.00245138  -0.00311321  0.000518692   0.00098782  0.000210287  0.000370859   0.00494226  -0.00629596   0.00281585   0.00217708   0.00287512 -0.000404548  0.000956115   0.00284336  0.000688075  -0.00175069   0.00243609   0.00514035  -0.00141373   -0.0032906   -0.0038104 -0.000437161   0.00262943  0.000168029  -0.00196885   0.00974852    0.0161536  -0.00343373   -0.0045027    -0.015053   -0.0049356    0.0214618   -0.0142491 -0.000294755   -0.0200367    0.0141015    0.0061173  -0.00104383  -0.00343801  0.000303501 -0.000605824   0.00525344
 -0.00204607 -0.000861829  -0.00570162   -0.0064879   0.00182282   0.00227972    0.0044706 -0.000904437 -0.000630145    0.0131836   0.00252383  -0.00266479    0.0139597  -0.00332264  0.000200123 -0.000950358 -0.000229772   0.00117658   -0.0167029  -0.00124284    0.0174465   -0.0014233   0.00242596    -0.002554  0.000588815  -0.00119313 -0.000126344   0.00275169   0.00543687   -0.0139439  -0.00142675  -0.00230311   0.00501709   0.00166036  -0.00497087   0.00205128   0.00171247  -0.00216149  -0.00359736  0.000722973  0.000417742   0.00353598   0.00069517  -0.00299524  0.000210987 -0.000306027  -0.00579421   -0.0108375   0.00317731 -0.000109748    0.0116251   0.00848308    -0.011702   0.00926595   0.00468245   0.00936331  -0.00990423  0.000814715   0.00284833   0.00170913   0.00297869 -0.000869844  -0.00285622
   0.0185406  0.000588281  -0.00770913   0.00382423  -0.00135997  0.000297984  -0.00270874  -0.00154557   0.00143643   -0.0166965   -0.0020222   0.00386134   -0.0223718  -0.00501645  -0.00236013    0.0036405 -0.000603143  0.000995044    0.0127668  -0.00245138   -0.0014233     0.041844  -0.00218488    0.0155325   0.00090097 -0.000983733  0.000734652  -0.00118339  -0.00134017  -0.00304706  -0.00580459   0.00887141   -0.0122874   0.00437592   -0.0102638 -0.000813392   0.00258247 -0.000892697  -0.00018307  0.000209646 -0.000819991   0.00126623   0.00492848   -0.0039626   0.00410609  0.000191363  -0.00468094  -0.00500536   0.00433575  -0.00301971   0.00405122 -0.000974173   0.00158036  -0.00615989  -0.00360431  9.29809e-05    0.0041416  -0.00102568    -0.002691 -0.000276402   0.00389469   0.00139072  -0.00162223
  -0.0101209  -0.00165239   0.00545185  -0.00625366   0.00505306  -0.00121795   0.00337004 -0.000266505  -0.00116885    0.0040815   0.00266236   0.00034501   0.00395007   0.00633192 -0.000896694  0.000598678 -0.000924291   0.00141488  -0.00236864  -0.00311321   0.00242596  -0.00218488    0.0174909  -0.00285252  -0.00163418 -0.000759897  0.000727888 -8.96332e-05   0.00273735 -0.000863572 -0.000679002   -0.0134016   0.00985346  -0.00100134 -0.000143814 -0.000348702   0.00163358  -0.00119859  -0.00382403   0.00210911  0.000393881   0.00414966  -0.00455378  -0.00228845  0.000841817    0.0042956  -0.00915054   -0.0199962   0.00448813   0.00799437    0.0216588   0.00452056   -0.0190039     0.015129   0.00523351     0.017284   -0.0148241  -0.00940343   0.00180698   0.00483994   -0.0079778 -0.000506122  -0.00320285
  0.00430805   0.00110727 -0.000246993  -0.00757131  0.000617721   -0.0053489  -0.00275727  -0.00200051   0.00049685   -0.0079373  -0.00329764  0.000753057  -0.00590604   0.00408256    -0.001664  -0.00120945 -0.000480138  0.000995103  -0.00224489  0.000518692    -0.002554    0.0155325  -0.00285252    0.0185081  0.000370712 -0.000880758  0.000641599   0.00125309  -0.00190861   0.00459972  -0.00590911   0.00933125   -0.0205794  -0.00600808   0.00018756 -0.000408023  -0.00147431  0.000569232   0.00564454  -0.00237577  -0.00406113  -0.00430068 -0.000888508  0.000634812   0.00127326  -0.00328645  5.50201e-05    0.0076505  -0.00128658  -0.00531733  -0.00854526  -0.00514417  0.000151992  -0.00412606  -0.00669699  0.000188773   0.00361771   0.00276163  -0.00147025   0.00188642   0.00338233  0.000908193  2.09532e-05
-3.83186e-05 -0.000708979  -0.00201129  0.000966839  3.82377e-05    0.0011866   0.00015124   2.1009e-05  0.000133458   0.00044736 -0.000449336 -0.000148261   0.00039479  0.000762529 -0.000144996  0.000257341  0.000504353   6.1446e-05   0.00104892   0.00098782  0.000588815   0.00090097  -0.00163418  0.000370712   0.00321452 -0.000174172 -0.000210997  -0.00170387 -0.000314883   0.00014031  -0.00147058   0.00119418  -0.00130719   0.00380245  9.43613e-05  0.000130386   0.00166391   0.00617715 -0.000379734  0.000917178  -0.00563879  0.000395853    0.0024755   0.00143465 -0.000389868   0.00191125    0.0039007  -0.00329957   0.00275261  -0.00351758   0.00217935   0.00278628   0.00215525    -0.003106   0.00237963  -0.00157051   0.00301975   -0.0010956  0.000676043  0.000811901   0.00116142 -0.000191741 -0.000880464
 -0.00462175  -0.00186755 -0.000605912   0.00310644  -0.00170328  0.000225869   0.00127887   0.00258043  0.000363083 -0.000607965 -0.000521358 -0.000268345  -0.00108776 -0.000190877  4.33079e-05 -0.000286875   0.00163942  -0.00108527   0.00172555  0.000210287  -0.00119313 -0.000983733 -0.000759897 -0.000880758 -0.000174172   0.00352481  7.58388e-05   0.00110013 -0.000746801   0.00148591  0.000242228  6.94443e-05   0.00101101 -0.000175608     0.002376 -0.000603962  -0.00188789 -0.000279508   0.00174694  -4.4031e-05      0.00484  -0.00217271 -0.000969262   0.00149802 -0.000347887  0.000223892   0.00350306   0.00352467   -0.0039391    0.0044893  -0.00489897  -0.00328585   0.00622188  -0.00251545  -0.00159937  -0.00688184    0.0038664  0.000340967  4.73074e-05  0.000929398  0.000994112 -0.000331937 -0.000836546
 -0.00212713  8.12184e-05  0.000333755   -0.0025114  0.000339745  5.83457e-05   0.00166684  4.65293e-05  0.000244547  0.000563256  0.000372388  5.43478e-05 -0.000775388 -8.25295e-05  7.38072e-05  -0.00049942 -0.000390966  0.000871522 -0.000553324  0.000370859 -0.000126344  0.000734652  0.000727888  0.000641599 -0.000210997  7.58388e-05    0.0018917   0.00112418 -0.000563799   0.00031146 -5.54855e-05 -0.000564401 -0.000304776  -0.00105848   0.00190767  5.93587e-05 -0.000607415  -0.00178857   0.00171479 -7.68699e-05   0.00106874  -0.00082206  -0.00223169   0.00138981  0.000653716 -0.000943467 -0.000274373   0.00111626 -0.000778745  0.000723096  0.000276832  -0.00153549   0.00257587 -0.000593569 -0.000435303  -0.00214397  0.000353333   0.00061818  0.000228737   0.00110217 -0.000585483 -0.000210158 -0.000376825
    0.004596   0.00305252  0.000189316   0.00822853  -0.00156483   0.00197369  -0.00169643   0.00159249  -0.00107832   -0.0154554   0.00204436  0.000313896   -0.0139786   0.00137995  0.000107758  -0.00161591   -0.0026407   0.00128044   -0.0106983   0.00494226   0.00275169  -0.00118339 -8.96332e-05   0.00125309  -0.00170387   0.00110013   0.00112418    0.0159078   -0.0057816  -0.00287084   0.00666649   0.00185956   0.00363612 -0.000989735   0.00260433   0.00167201  -0.00510242    -0.010422   0.00621338  -0.00359262    0.0087539  -0.00436011  -0.00221813  -0.00185076   0.00148732  -0.00615304   0.00248066    0.0215525   -0.0101374   0.00441361   -0.0191281   -0.0105582     0.028821   -0.0121102  -0.00435529   -0.0244966   0.00976549   0.00964388  -0.00221129  -0.00281883  0.000434917 -0.000139805   0.00484821
 -0.00586946  -0.00164994   0.00155281   -0.0056731   0.00161723  -0.00431486    0.0046812 -0.000276651  1.37738e-06    0.0119671 -0.000132571 -0.000831782     0.012681 -0.000810698  -0.00144085   0.00342863   0.00123142 -0.000624414  -0.00489122  -0.00629596   0.00543687  -0.00134017   0.00273735  -0.00190861 -0.000314883 -0.000746801 -0.000563799   -0.0057816    0.0135652  -0.00216127  -0.00511464  -0.00339294   0.00231822   0.00233068 -0.000615319   0.00152188   0.00214463  -0.00320723  -0.00493636   0.00125319   0.00386459   0.00294925   0.00193165 -0.000423499    -0.002107  0.000370195   -0.0121511   -0.0161316   0.00603464     0.007369    0.0182306   0.00843763   -0.0376932    0.0211131   0.00409801    0.0380738   -0.0184696  -0.00359949   0.00342929   0.00510769 -0.000519193  0.000431559  -0.00864674
  -0.0113984 -0.000670596   0.00990999   0.00115483 -0.000960834  -0.00681446  -0.00302342   0.00211927 -0.000346075  -0.00763435  0.000721694   0.00131616   0.00126943   0.00792545 -0.000436701   0.00100332   0.00139313  -0.00035315    0.0084582   0.00281585   -0.0139439  -0.00304706 -0.000863572   0.00459972   0.00014031   0.00148591   0.00031146  -0.00287084  -0.00216127     0.021787  -0.00389702 -0.000611139   -0.0083796  -0.00397152    0.0085079  -0.00071514  0.000485992   0.00737402   0.00181229  0.000814257  -0.00385864  -0.00224228  -0.00230731   0.00522711  -0.00201913   0.00423835   0.00853225   0.00202361  0.000178197   0.00254204  -0.00347651   -0.0038517 -0.000201202  -0.00555757  -0.00327164   0.00467223    0.0050775  -0.00482403   0.00106702  5.94637e-05  -0.00539419  0.000229198   0.00131275
    0.011694   0.00246626  -0.00201673   0.00768346  -0.00117182   0.00466537  -0.00246031 -0.000268613  0.000687981   -0.0139876   0.00033255   0.00197065   -0.0216425   -0.0051898   0.00195893 -7.68558e-05  -0.00188814 -0.000442013  0.000731561   0.00217708  -0.00142675  -0.00580459 -0.000679002  -0.00590911  -0.00147058  0.000242228 -5.54855e-05   0.00666649  -0.00511464  -0.00389702    0.0142841   0.00107417   0.00823169   0.00343989  -0.00144136   0.00101697   -0.0029897  -0.00904156 -0.000425644  -0.00183875   0.00791701  8.97474e-05   0.00477966  -0.00395668  0.000827359 -0.000658555  -0.00168746    0.0135502   -0.0066113   0.00187357   -0.0158471  -0.00365721    0.0143278   -0.0073311  -0.00278741   -0.0172881   0.00713516   0.00705532  -0.00489909  -0.00419173  0.000315939   0.00166739   0.00361748
   0.0149246   0.00161335  -0.00945026   0.00809233  -0.00243388    0.0040836  -0.00666913  -0.00070747  0.000789348   -0.0104122   -0.0019055 -0.000112252  -0.00960212 -0.000601078  0.000446008  0.000152573  -0.00119526 -2.69102e-05   0.00415465   0.00287512  -0.00230311   0.00887141   -0.0134016   0.00933125   0.00119418  6.94443e-05 -0.000564401   0.00185956  -0.00339294 -0.000611139   0.00107417     0.022125   -0.0162777  -0.00118727    0.0032826   0.00091101  -0.00459555  -0.00752126   0.00547503  -0.00447938   0.00478986  -0.00308313   0.00859639   0.00158615  -0.00119235  -0.00604382   0.00210346    0.0261476  -0.00423791  -0.00418656   -0.0253934  -0.00983312    0.0193441   -0.0174697  -0.00729231   -0.0195521    0.0184376    0.0128504  -0.00225157  -0.00172129   0.00767412  0.000728446   0.00201768
  0.00144998  8.14349e-05    0.0026097    0.0169894  -0.00103294   0.00443496   0.00183597   0.00299965  -0.00131191 -0.000949556   0.00309796  0.000737003 -3.33643e-05  -0.00262392   0.00132247   0.00272085 -0.000432731 -0.000112793 -0.000708193 -0.000404548   0.00501709   -0.0122874   0.00985346   -0.0205794  -0.00130719   0.00101101 -0.000304776   0.00363612   0.00231822   -0.0083796   0.00823169   -0.0162777    0.0351999    0.0120494 -0.000982456   0.00216772   0.00110546  -0.00300506  -0.00680439    0.0027865   0.00627544   0.00651997   0.00231352  -0.00254449 -0.000997649   0.00280696  -0.00475877   -0.0072484   0.00192395    0.0102287    0.0110249   0.00667217   -0.0010516   0.00618902     0.010301  0.000289199   -0.0049341  -0.00192965 -0.000928953  -0.00246914   -0.0062458 -0.000702548   0.00121872
   0.0198324     0.002237  -0.00235642    0.0194706  -0.00260941   0.00153713  -0.00340389  0.000803307  0.000404176   -0.0103698  -0.00353444   0.00232732   -0.0154027  -0.00270165  5.70504e-05   0.00870302 -0.000380806   7.4125e-05    0.0036055  0.000956115   0.00166036   0.00437592  -0.00100134  -0.00600808   0.00380245 -0.000175608  -0.00105848 -0.000989735   0.00233068  -0.00397152   0.00343989  -0.00118727    0.0120494    0.0332245  -0.00318051   0.00336445   0.00467119   0.00221057  -0.00325204   0.00386874  -0.00180007   0.00200451    0.0192808  0.000185481 -0.000589504   0.00330785  -0.00126331  -0.00387888   0.00481956 -0.000430242    0.0038122    0.0113724 -0.000841843  -0.00369156    0.0111208   0.00512659   0.00359749   0.00472483  0.000100128  -0.00196885   0.00238849  3.07193e-05 -0.000647392
  -0.0146587  -0.00149019   0.00500092  -0.00204549  1.64378e-05  0.000904021  0.000632335   0.00301047  -0.00116655  -0.00396649   0.00127563 -0.000862504   0.00587027   0.00715624   0.00137733  -0.00308079   0.00183729 -0.000535972   0.00277049   0.00284336  -0.00497087   -0.0102638 -0.000143814   0.00018756  9.43613e-05     0.002376   0.00190767   0.00260433 -0.000615319    0.0085079  -0.00144136    0.0032826 -0.000982456  -0.00318051    0.0549318   -0.0027496  -0.00553618  -0.00099386   0.00197113   0.00339174  -0.00262772   0.00222761   -0.0024259    0.0459979    -0.012607  -0.00266052   0.00800411    0.0163707    0.0015815   0.00677723  -0.00503276  -0.00770923    0.0260557   -0.0129483  0.000176903   -0.0216038    0.0161954    0.0124371   0.00225223   0.00127381  -0.00781552  -0.00101444   0.00550174
   0.0122858   0.00153521  -0.00140623    0.0117581 -0.000329246  0.000422925  -0.00750325  2.46657e-05  -0.00029456  -0.00381446  -0.00176975  0.000649332  -0.00488302   0.00101391 -0.000177018   0.00145433 -0.000561524   0.00229883  -0.00573885  0.000688075   0.00205128 -0.000813392 -0.000348702 -0.000408023  0.000130386 -0.000603962  5.93587e-05   0.00167201   0.00152188  -0.00071514   0.00101697   0.00091101   0.00216772   0.00336445   -0.0027496    0.0086722   0.00120976   0.00366979  -0.00371787  -0.00128845  -0.00306044   0.00477627   0.00696187  -0.00438712 -8.00243e-05   0.00227402   0.00106014  -0.00114048   0.00327326  0.000848887  0.000708498   0.00557145  -0.00523949  0.000614897   0.00284523   0.00839598  -0.00182276   0.00429961 -0.000460873   -0.0033534 -0.000873845  0.000543975   0.00137885
  0.00373965  0.000250248 -0.000798545  0.000816464  0.000836818 -0.000428766 -0.000814353  -0.00125853  0.000192418   0.00162506   0.00109264  0.000261679  0.000261009  -0.00304567 -0.000623028   0.00323866   0.00119453  0.000756654   0.00056339  -0.00175069   0.00171247   0.00258247   0.00163358  -0.00147431   0.00166391  -0.00188789 -0.000607415  -0.00510242   0.00214463  0.000485992   -0.0029897  -0.00459555   0.00110546   0.00467119  -0.00553618   0.00120976    0.0121662    0.0142482   -0.0144421   0.00733288   -0.0124027    0.0132233   0.00301465  -0.00183907 -0.000986067    0.0137669   0.00660934   -0.0279005    0.0153946  -0.00795105    0.0239033    0.0214679   -0.0111551  -0.00027393    0.0127033    0.0118625 -0.000528543  -0.00331813   0.00212925  -0.00263427  0.000153918  0.000479203 -0.000961537
  0.00503689  -0.00211529  -0.00123331     0.010839  -0.00103797    0.0001378   -0.0134182  0.000329434 -4.66487e-06  -0.00422188  -0.00489492  0.000368429  -0.00140564     0.004095  -0.00116333  -0.00366021   0.00778994  4.83925e-06   0.00398584   0.00243609  -0.00216149 -0.000892697  -0.00119859  0.000569232   0.00617715 -0.000279508  -0.00178857    -0.010422  -0.00320723   0.00737402  -0.00904156  -0.00752126  -0.00300506   0.00221057  -0.00099386   0.00366979    0.0142482    0.0652956   -0.0170516    0.0082625   -0.0524231     0.017454   0.00109706   0.00730955  -0.00607386    0.0180701     0.040491   -0.0336608    0.0210146   -0.0274564     0.025316    0.0198409  -0.00426338 -0.000421452   0.00589105   0.00384129    0.0028982   -0.0118296   0.00497154   -0.0089003  -0.00799476  -0.00159633   0.00498769
 -0.00531109  0.000728373   0.00228874  -0.00524808 -0.000388485  0.000316302  0.000134668  0.000538705 -0.000716205  0.000285189  -0.00238133 -0.000478619 -0.000181634   0.00691465 -6.35052e-06  -0.00414745  -0.00316432  0.000215514  -0.00128067   0.00514035  -0.00359736  -0.00018307  -0.00382403   0.00564454 -0.000379734   0.00174694   0.00171479   0.00621338  -0.00493636   0.00181229 -0.000425644   0.00547503  -0.00680439  -0.00325204   0.00197113  -0.00371787   -0.0144421   -0.0170516    0.0355407   -0.0112015    0.0120089   -0.0319542   -0.0119253 -0.000589413   0.00509013   -0.0218736  -0.00702406     0.042491   -0.0215627   0.00703513   -0.0325095   -0.0264515   0.00731131  -0.00105551  -0.00926676  -0.00512253   0.00105667  -0.00266114  -0.00448857   0.00447738  -0.00246409  -0.00013453   0.00178337
 -0.00389723  -0.00109809   0.00113889  -0.00287594 -0.000207833  -0.00119802   0.00278359  0.000329094  0.000278493   0.00158153  0.000916241 -0.000255881   0.00208113  -0.00301402   0.00017855   0.00218309   0.00218365 -0.000462521    0.0025393  -0.00141373  0.000722973  0.000209646   0.00210911  -0.00237577  0.000917178  -4.4031e-05 -7.68699e-05  -0.00359262   0.00125319  0.000814257  -0.00183875  -0.00447938    0.0027865   0.00386874   0.00339174  -0.00128845   0.00733288    0.0082625   -0.0112015   0.00965726  -0.00634819    0.0107776  0.000469814   0.00539404  -0.00110354    0.0103369   0.00408494   -0.0190841    0.0113838  -0.00589828    0.0180747    0.0144472  -0.00314188  -0.00191616    0.0110245  -0.00354248   0.00569092  -0.00107236   0.00235954 -0.000691092  0.000714448  -0.00080111  0.000541134
  -0.0124291   -0.0017208 -0.000387991  -0.00686596  -0.00109053 -0.000485266    0.0158851    0.0036637    0.0015446   0.00641398   0.00261888 -0.000806125   0.00221425  -0.00519841    0.0010001   0.00391383  -0.00209207  -0.00244416 -0.000564119   -0.0032906  0.000417742 -0.000819991  0.000393881  -0.00406113  -0.00563879      0.00484   0.00106874    0.0087539   0.00386459  -0.00385864   0.00791701   0.00478986   0.00627544  -0.00180007  -0.00262772  -0.00306044   -0.0124027   -0.0524231    0.0120089  -0.00634819    0.0567493   -0.0150408 -0.000885927   -0.0100051   0.00409978   -0.0100213    -0.026922    0.0245697   -0.0234028    0.0354494   -0.0252734   -0.0167029   0.00935308   -0.0015528  -0.00673486   -0.0121747   0.00386273   0.00933261  -0.00273354   0.00967623    0.0103732  0.000253135  -0.00955999
  0.00822641 -0.000628342  -0.00281278   0.00859605   0.00071742  0.000907032  -0.00319175 -0.000194648   -0.0007903 -0.000632246   0.00147993  0.000302744 -7.61911e-06  -0.00557488  0.000294361   0.00308231     0.001882   0.00306532  0.000645374   -0.0038104   0.00353598   0.00126623   0.00414966  -0.00430068  0.000395853  -0.00217271  -0.00082206  -0.00436011   0.00294925  -0.00224228  8.97474e-05  -0.00308313   0.00651997   0.00200451   0.00222761   0.00477627    0.0132233     0.017454   -0.0319542    0.0107776   -0.0150408    0.0388248    0.0147598  -0.00169122  -0.00569779     0.018449   0.00599562   -0.0345889    0.0259091   -0.0091502    0.0365535    0.0229296  -0.00293547 -0.000712554   0.00992243  -0.00265372   0.00210266   0.00664572   0.00518484  -0.00418779 -0.000524832  -0.00114971   0.00102835
   0.0248137   0.00158664  -0.00547658    0.0229154  -0.00281234  0.000495688  -0.00940594  0.000120305  0.000136222   -0.0116158  -0.00118603   0.00192854   -0.0131206  -0.00395547  0.000338894   0.00515739 -0.000327049   0.00125391   0.00312338 -0.000437161   0.00069517   0.00492848  -0.00455378 -0.000888508    0.0024755 -0.000969262  -0.00223169  -0.00221813   0.00193165  -0.00230731   0.00477966   0.00859639   0.00231352    0.0192808   -0.0024259   0.00696187   0.00301465   0.00109706   -0.0119253  0.000469814 -0.000885927    0.0147598    0.0364135  -0.00561014  -0.00464042   0.00468262  -0.00670768  -0.00309176   0.00677872   0.00189357 -0.000641086   0.00792385  -0.00826744  -0.00253151 -0.000449791   0.00467497   0.00190172   0.00657748  -0.00266365  -0.00466302   0.00302353   0.00198449   0.00174238
 -0.00753857 -0.000295133   0.00258989  -0.00171615  -0.00130946  0.000160969   -0.0011805   0.00106196   0.00122714  -0.00199029   0.00140065 -0.000541349   0.00309634   0.00440709  0.000540308  -0.00248622   0.00320845  -0.00258583     0.005028   0.00262943  -0.00299524   -0.0039626  -0.00228845  0.000634812   0.00143465   0.00149802   0.00138981  -0.00185076 -0.000423499   0.00522711  -0.00395668   0.00158615  -0.00254449  0.000185481    0.0459979  -0.00438712  -0.00183907   0.00730955 -0.000589413   0.00539404   -0.0100051  -0.00169122  -0.00561014    0.0521864   -0.0112023  9.79684e-05    0.0113156   0.00448688   0.00229486 -0.000835634  -0.00397018  -0.00271541    0.0190027   -0.0106266  0.000535993   -0.0180418    0.0151447   0.00304487    0.0015923   0.00025795  -0.00476136 -0.000498616   0.00501063
 -0.00346562 -0.000120985  0.000672336  -0.00596467  0.000233175  0.000565641   0.00457458  -0.00044033 -0.000434212   0.00225886  0.000184112 -1.05256e-06  -0.00224272  -0.00188537  8.18466e-05 -0.000775578  -0.00171882  0.000264977  0.000434318  0.000168029  0.000210987   0.00410609  0.000841817   0.00127326 -0.000389868 -0.000347887  0.000653716   0.00148732    -0.002107  -0.00201913  0.000827359  -0.00119235 -0.000997649 -0.000589504    -0.012607 -8.00243e-05 -0.000986067  -0.00607386   0.00509013  -0.00110354   0.00409978  -0.00569779  -0.00464042   -0.0112023   0.00915124  -0.00357344  -0.00410948   0.00286976  -0.00340329  -0.00293216  -0.00103152  -0.00619112   0.00326985  0.000404634 -8.06824e-05  -0.00391136  -0.00127765  -0.00312462 -0.000630306    0.0024981   0.00174308 -0.000346684 -0.000599756
  0.00707368  -0.00264077  -0.00545385    0.0125056  0.000490545   0.00323315   -0.0069684   0.00103382  0.000900188  -0.00793207   0.00245827   0.00167337  -0.00936873  -0.00343845  -0.00141876   0.00566466   0.00307011  6.23043e-05   0.00466681  -0.00196885 -0.000306027  0.000191363    0.0042956  -0.00328645   0.00191125  0.000223892 -0.000943467  -0.00615304  0.000370195   0.00423835 -0.000658555  -0.00604382   0.00280696   0.00330785  -0.00266052   0.00227402    0.0137669    0.0180701   -0.0218736    0.0103369   -0.0100213     0.018449   0.00468262  9.79684e-05  -0.00357344     0.034458    0.0098668   -0.0438714    0.0241995  -0.00206769    0.0296595     0.045543   -0.0261233  -0.00780554    0.0278421    0.0180244   0.00939944  -0.00426334  -0.00103582  -0.00404701   0.00129557   0.00267106 -0.000353062
 -0.00658568   0.00109206  -0.00268719   0.00917284  -0.00430632   0.00535296  -0.00133331   0.00388708  0.000749923  -0.00259959 -0.000494273  -0.00253052   -0.0024676   0.00314789   0.00274503  -0.00569152   0.00540258 -0.000898557   0.00363582   0.00974852  -0.00579421  -0.00468094  -0.00915054  5.50201e-05    0.0039007   0.00350306 -0.000274373   0.00248066   -0.0121511   0.00853225  -0.00168746   0.00210346  -0.00475877  -0.00126331   0.00800411   0.00106014   0.00660934     0.040491  -0.00702406   0.00408494    -0.026922   0.00599562  -0.00670768    0.0113156  -0.00410948    0.0098668    0.0590174   0.00957065   0.00052288   -0.0216937   -0.0154704   0.00387801    0.0646077   -0.0336738  0.000832976   -0.0423364    0.0293992     0.021887   0.00367579  -0.00839634    0.0047057   -0.0010699   0.00486284
  0.00245581   0.00775838   0.00561942   0.00611315  -0.00675737 -0.000338019  -0.00178262   0.00224069  -0.00171451   -0.0103309  -0.00543521  -0.00281571  -0.00770888    0.0109164   0.00603908  -0.00928858  -0.00561002 -0.000204263   -0.0021453    0.0161536   -0.0108375  -0.00500536   -0.0199962    0.0076505  -0.00329957   0.00352467   0.00111626    0.0215525   -0.0161316   0.00202361    0.0135502    0.0261476   -0.0072484  -0.00387888    0.0163707  -0.00114048   -0.0279005   -0.0336608     0.042491   -0.0190841    0.0245697   -0.0345889  -0.00309176   0.00448688   0.00286976   -0.0438714   0.00957065     0.130366   -0.0435894  -0.00200424    -0.107556   -0.0627543     0.081526   -0.0375151   -0.0318866   -0.0714152    0.0395347    0.0436751   -0.0119341  -0.00493048    0.0068361   0.00106003    0.0145864
