63 63
     0.24342    0.0217229   -0.0514026     0.146438  -0.00198982    0.0348458    -0.114555   -0.0118113   0.00549633    -0.232735   -0.0442596    0.0598195    -0.181143   0.00326204     -0.02671    0.0117385  -0.00763759   0.00196156    0.0380714    0.0315085   -0.0276205    0.0250915    -0.034924    0.0229606   0.00235712  -0.00432199  -0.00034184     0.014411   -0.0199354    0.0126218    0.0133121    0.0396825   -0.0327455   0.00704739  -0.00404795   0.00845011   -0.0111469     0.018491    0.0305073   -0.0218015   -0.0319452  -0.00947862     0.010775   -0.0129811  -0.00807246   -0.0224089   -0.0178282   0.00366072    0.0118311   -0.0115912    0.0248378   -0.0230156     0.033643  0.000209667   -0.0212141   -0.0326851  -0.00859095  -0.00638274   0.00163443  -0.00524331   0.00603892  -0.00486532   -0.0229827
   0.0217229    0.0170921    0.0092601  0.000111463  -0.00322112  -0.00434201  -0.00666912  -0.00536437   0.00101731   -0.0273826   0.00552978   0.00434795   -0.0141305 -0.000809354  0.000503016  0.000757767  -0.00271038 -4.42325e-05    0.0072566   0.00252956   -0.0100967   0.00578286   0.00191647   0.00615586 -0.000802664  -0.00335476  0.000972071  -0.00129097  -0.00069392    0.0087108  -0.00336992  -0.00152021   -0.0057429  0.000640459   0.00465176  -0.00224496  0.000182284   0.00260467   0.00736247  -0.00120856   -0.0102047  -0.00686616  -0.00634115   0.00576918  9.15368e-05  -0.00689379  0.000499951   0.00225966  0.000307494  -0.00566591   0.00559337    0.0011995   0.00274569  -0.00164231  0.000801724    0.0121278  -0.00303575   0.00521645 -6.94699e-05 -0.000777405  -0.00238537   0.00162988 -0.000221456
  -0.0514026    0.0092601    0.0452203   -0.0440188  -0.00553449    -0.025809    0.0212023  -0.00189177  -0.00522412    0.0556577    0.0117513   -0.0138491    0.0543144   0.00172955     0.011129  -0.00115584  0.000352462  -0.00188576   0.00176128  -0.00789131  -0.00959598   0.00439682    0.0169447  0.000677083   -0.0033313   -0.0032918 -0.000104192   -0.0093507   0.00504491    0.0126014   -0.0123373   -0.0228384    0.0072015  -0.00124387   0.00748771  -0.00528023   0.00567838   0.00474896  -0.00296662   0.00720649    -0.010532  -0.00460506   -0.0123943    0.0146774    0.0038878  -0.00217974   0.00530142    0.0040888  -0.00159149  -0.00728024  -0.00369456  0.000842816   -0.0254667   0.00444223   0.00569426    0.0404362  -0.00694692  -0.00948499  -0.00160893  -0.00223382   -0.0146429   0.00365816    0.0162872
    0.146438  0.000111463   -0.0440188      0.25665   -0.0239507     0.049966     -0.11819    0.0214462   -0.0112195     -0.14505   -0.0135301    0.0393206    -0.235448    0.0328318   -0.0455236   0.00793101   -0.0171987  -0.00235282    0.0250877    0.0187239   -0.0207817    0.0345678   -0.0385326    0.0191393   0.00501227   0.00370106  -0.00271904    0.0235987   -0.0146629   0.00982026   0.00203162    0.0384178   -0.0233716    0.0156505  -0.00547954   0.00371652   -0.0149979    0.0176168    0.0412504   -0.0265676   -0.0242759   -0.0223529     0.013118   -0.0079145  -0.00223471   -0.0361854  -0.00653915    0.0201919   0.00235313   0.00188428    0.0202754   -0.0301848    0.0609612 -0.000981373    -0.018057   -0.0415607   -0.0105805  -0.00755533   0.00621211    0.0015622  -0.00746777   -0.0109409   -0.0236365
 -0.00198982  -0.00322112  -0.00553449   -0.0239507    0.0150121   0.00561302   0.00860088  -0.00522016  0.000147468   0.00670873  -0.00180286  0.000404056    0.0186914   0.00392852   0.00138584  0.000301791  -0.00170973   0.00328025  -0.00726415   0.00115031   0.00614387   -0.0107295   0.00408205  -0.00486771 -0.000873032   -0.0029233  0.000221524   0.00111515  0.000358845  -0.00555605   0.00571953 -3.92921e-06   0.00383128 -0.000741115   0.00590764   0.00266911   0.00229478   -0.0107833  -0.00950898   0.00102231   0.00548495    0.0106345   0.00465885 -0.000874017  -0.00274381   0.00590546  -0.00426849  -0.00258419   0.00628714   0.00274189   0.00398647   0.00368185   0.00647666    -0.004667   0.00088345   0.00510375  -0.00286234    0.0111039   -0.0010576  -0.00283258  -0.00420656   0.00204823  0.000692617
   0.0348458  -0.00434201    -0.025809     0.049966   0.00561302    0.0375336    -0.018893   0.00218534  -0.00573098   -0.0358357 -5.00479e-05    0.0110603   -0.0564288   0.00320146  -0.00968129 -0.000280737  -0.00837118  -0.00039652  0.000569239   0.00496503   0.00440523  -0.00333457   -0.0088557  -0.00375432  0.000535207  -0.00114029  -0.00108704    0.0116369  -0.00502755   -0.0116433    0.0117261    0.0170164  -0.00115443   0.00622988   0.00453398   0.00221001  -0.00556439   -0.0159915   0.00728728  -0.00912946   0.00828094  -0.00280724   0.00984871  -0.00532638  9.13726e-05  -0.00766253  -0.00772533   0.00608301   0.00333003   0.00774056    0.0119665   -0.0055196    0.0355313  -0.00562005   0.00606481   -0.0154589   -0.0053551    0.0170225   0.00222171  0.000396534  0.000248842  -0.00163229   -0.0109152
   -0.114555  -0.00666912    0.0212023     -0.11819   0.00860088    -0.018893    0.0935517  -0.00239778   0.00451773    0.0990428     0.016672   -0.0266847     0.106817   -0.0188145    0.0185218  -0.00110549    0.0075809  -0.00256117   -0.0175171   -0.0177972    0.0159699   -0.0160565     0.025657    -0.018869  -0.00214583   0.00142007   0.00165683  -0.00505984    0.0127578   -0.0147916   0.00424979   -0.0285102     0.031354   0.00625453  -0.00475235  -0.00592701   0.00745469    -0.019662     -0.02537    0.0150291    0.0297703    0.0087591    -0.004642 -0.000317847   0.00550029    0.0202362   0.00540377   -0.0115071  -0.00768914   0.00517109    -0.011171    0.0201218   -0.0296291   0.00644877    0.0117877    0.0135742   0.00568552     0.013163  -0.00292923  0.000765937   0.00811186    0.0026253   0.00831488
  -0.0118113  -0.00536437  -0.00189177    0.0214462  -0.00522016   0.00218534  -0.00239778   0.00904867  -0.00232973   0.00722895   0.00131729  -0.00172006   -0.0138122   0.00194517  -0.00337465  0.000140222 -0.000334951  0.000464836  -0.00217651 -0.000879527   0.00111582    0.0012001  -0.00206401 -0.000681957  0.000144274   0.00377806  0.000532503   0.00478835  -0.00115555  8.04058e-05 -0.000903173 -0.000182876   0.00213949   0.00163417  0.000311067 -0.000697276  -0.00241949 -0.000791306   0.00585015 -0.000667483   0.00499202  -0.00224175  -0.00104963  -0.00264914   0.00136693  -0.00284415   0.00408519   0.00682735  -0.00244872    0.0043814 -0.000687919  -0.00402597   0.00860842  -0.00165274   0.00113222  -0.00348606 -0.000247817  0.000907929   0.00139564   0.00218994  -0.00112044  -0.00159611 -0.000366396
  0.00549633   0.00101731  -0.00522412   -0.0112195  0.000147468  -0.00573098   0.00451773  -0.00232973   0.00894304   -0.0124243  -0.00281797   0.00169307  -0.00264731  -0.00397542  9.40546e-05   0.00119504   0.00532469  -0.00167092   0.00270235  0.000429989  -0.00138866 -0.000791023  -0.00196758  0.000464755  0.000783605   0.00214788  0.000558167  -0.00247469  0.000360515   0.00173491   0.00210601 -0.000287447  -0.00211564  -0.00191498  -0.00943583    0.0006888   0.00073158   0.00616492  -0.00462425   0.00129324   0.00370666   -0.0021911  -0.00231697  -0.00118146 -0.000885388   0.00854335   0.00431242   -0.0114613   -0.0077704   0.00130541   -0.0115105   0.00765598  -0.00912651   0.00282805  -0.00632747   -0.0136804   0.00719834  -0.00351697   -0.0010276  -0.00132041    0.0113922 -0.000624678  -0.00194801
   -0.232735   -0.0273826    0.0556577     -0.14505   0.00670873   -0.0358357    0.0990428   0.00722895   -0.0124243     0.484019     0.025856    -0.091168      0.36071   0.00766702    0.0420847   -0.0182476   0.00644848   0.00956257   -0.0642084   -0.0361557    0.0598464    -0.039888    0.0367259   -0.0579394   -0.0073384  -0.00113538  -0.00524151   -0.0483035    0.0289456   -0.0595705   -0.0355888   -0.0429585    0.0658101    0.0176702   0.00176006   0.00679243   0.00759644   -0.0246373   -0.0235054   0.00919826    0.0325298    0.0153139    0.0288046    0.0250589  -0.00663119  -0.00997765    0.0127797    0.0390113   -0.0205236    0.0187619   -0.0441201   -0.0046873   -0.0278891    0.0120295  -0.00502722    0.0474993   -0.0187984 -0.000942219   0.00675254   -0.0105021   -0.0294158   -0.0071059    0.0317122
  -0.0442596   0.00552978    0.0117513   -0.0135301  -0.00180286 -5.00479e-05     0.016672   0.00131729  -0.00281797     0.025856    0.0426669  -0.00936178    0.0037696  -0.00382754    0.0019297 -0.000383923  -0.00334604 -0.000497782    0.0014852  -0.00158232   0.00107729    0.0069911   0.00758811  0.000269348 -0.000218569  -0.00242763  0.000159316   -0.0021937   0.00414929   0.00163678  -0.00367198  -0.00289323   0.00119664  -0.00192789   0.00677464  -0.00453186   0.00558312  -0.00443504   -0.0106518   0.00633337  -0.00079389   0.00786116   0.00130071   0.00922598  0.000663017   0.00140041  -0.00245239   -0.0130537   0.00525025   0.00420811    0.0126827   0.00558242  -0.00795643  0.000248351     0.010318    0.0176122   -0.0037918    0.0035519  -0.00133243   0.00329243   0.00273233   0.00320352  -0.00384031
   0.0598195   0.00434795   -0.0138491    0.0393206  0.000404056    0.0110603   -0.0266847  -0.00172006   0.00169307    -0.091168  -0.00936178    0.0240368   -0.0749171  0.000632238   -0.0107416   0.00394767  -0.00236067  -0.00134287    0.0137092     0.010541   -0.0118299   0.00796028  -0.00906449   0.00926679  0.000724982 -0.000176428  0.000743537   0.00986707  -0.00696969    0.0101114   0.00873771   0.00905832     -0.01091  0.000549828 -0.000573603  0.000295238   -0.0024318    0.0020235   0.00656286  -0.00457108  -0.00477174   -0.0042172  -0.00228519  -0.00489406  0.000258215  -0.00100515   -0.0045847  -0.00416655   0.00231358  -0.00095288   0.00759484  -0.00156419    0.0110114  -0.00167034  -0.00361812  -0.00859322  -0.00158941    0.0031748 -0.000426664   0.00230012   0.00409148  0.000987701   -0.0107427
   -0.181143   -0.0141305    0.0543144    -0.235448    0.0186914   -0.0564288     0.106817   -0.0138122  -0.00264731      0.36071    0.0037696   -0.0749171     0.492362   -0.0145348    0.0652951   -0.0185655    0.0192012    0.0122328   -0.0469144   -0.0225665    0.0539016   -0.0575978    0.0427564   -0.0593449  -0.00990971  -0.00316375    -0.004411   -0.0524816    0.0248821   -0.0404772   -0.0414442    -0.050447     0.072591   0.00591977    0.0111987    0.0126387    0.0080423   -0.0168088   -0.0315413    0.0152877    0.0266934    0.0238146    0.0225604    0.0208047   -0.0147935   0.00560423   0.00885083    0.0256655    -0.012231    0.0153942   -0.0395319  -0.00750885    -0.049013    0.0139581  -0.00645077    0.0547793   -0.0141555  -0.00763602   0.00411409  -0.00931535   -0.0234332  0.000923972       0.0336
  0.00326204 -0.000809354   0.00172955    0.0328318   0.00392852   0.00320146   -0.0188145   0.00194517  -0.00397542   0.00766702  -0.00382754  0.000632238   -0.0145348    0.0355108  -0.00845164  0.000631552  -0.00524794   0.00132792  -0.00643932   0.00460094  -0.00172283  0.000111424  -0.00562779   0.00920658   0.00233985  -0.00214441  -0.00132886   0.00040107  0.000136083   0.00627887  -0.00783811    0.0123977   -0.0148335  -0.00460907   0.00767375   0.00167205  -0.00295988    0.0020257   0.00644612  -0.00682431   -0.0088758  -0.00489843  0.000349501   0.00720155  -0.00320282  -0.00856559   0.00466883    0.0174551  -0.00103934   -0.0045733   -0.0149947  -0.00684249    0.0231966   -0.0139734   -0.0100801  -0.00169268   0.00268165   0.00467529   0.00271949   0.00219962  -0.00274009  -0.00133996  -0.00370299
    -0.02671  0.000503016     0.011129   -0.0455236   0.00138584  -0.00968129    0.0185218  -0.00337465  9.40546e-05    0.0420847    0.0019297   -0.0107416    0.0652951  -0.00845164    0.0154395  -0.00235687    0.0034511   0.00147778  -0.00543921  -0.00250089   0.00495013  -0.00996214   0.00755638  -0.00723563  -0.00129698 -0.000755654 -7.94557e-05  -0.00748556   0.00265615  -0.00173838  -0.00252913  -0.00757248   0.00806528  -0.00228305   0.00308387   0.00178809   0.00232187  -0.00038369  -0.00609625   0.00378645   0.00200912   0.00472835  0.000888282   0.00155915  -0.00122919   0.00479658    0.0038785   0.00157237 -0.000617828   0.00054222  -0.00524863   0.00185863  -0.00972469  -0.00131125   0.00224405     0.010269   0.00185897  -0.00241846  -0.00066086  -0.00250527  -0.00490899   0.00178895   0.00746906
   0.0117385  0.000757767  -0.00115584   0.00793101  0.000301791 -0.000280737  -0.00110549  0.000140222   0.00119504   -0.0182476 -0.000383923   0.00394767   -0.0185655  0.000631552  -0.00235687    0.0168815  0.000221755   6.2455e-05   0.00799805  -0.00303105  -0.00578249   0.00770711  -0.00139002   0.00316328 -0.000585669 -0.000373052 -0.000175545 -0.000201444   0.00499651   0.00510697  0.000531273   0.00585209  -0.00412997   0.00732649   0.00102797   0.00077824   0.00412725  -0.00122178  -0.00669105   0.00332641   0.00189616   0.00411598   0.00208149 -0.000521207  -0.00245782   0.00484816  -0.00113598   -0.0116996  0.000605531  -0.00106578   0.00338187   0.00765063   -0.0141964    0.0034178  -0.00363645      0.01437  -0.00486942  -0.00239184   0.00292081   -0.0107046  -0.00126509   -0.0022911   0.00709222
 -0.00763759  -0.00271038  0.000352462   -0.0171987  -0.00170973  -0.00837118    0.0075809 -0.000334951   0.00532469   0.00644848  -0.00334604  -0.00236067    0.0192012  -0.00524794    0.0034511  0.000221755    0.0111734   -0.0040335  0.000882007  -0.00165591   0.00195466  -0.00111106 -0.000563838   -0.0020922   0.00166081   0.00349912  -0.00130031  -0.00648105   0.00387832   0.00137937  -0.00260851  -0.00354497   0.00174496  -0.00346095  -0.00901667   0.00284543   0.00452543    0.0200066   -0.0142798   0.00510512  -0.00251372   0.00499272   0.00068599  0.000535206  -0.00259628    0.0143402    0.0120803    -0.020131  -0.00276627   0.00134519  -0.00707651   0.00995689   -0.0189464   0.00460721  -0.00263355  -0.00748527   0.00977856   -0.0124352 -0.000174577  -0.00047249   0.00893626  0.000283624  -0.00172779
  0.00196156 -4.42325e-05  -0.00188576  -0.00235282   0.00328025  -0.00039652  -0.00256117  0.000464836  -0.00167092   0.00956257 -0.000497782  -0.00134287    0.0122328   0.00132792   0.00147778   6.2455e-05   -0.0040335    0.0117388  -0.00471074   0.00167894   0.00212473  -0.00271419   0.00133581 -0.000801519  -0.00032541  -0.00152144   0.00342797   0.00221016  -0.00265954 -0.000781619  -0.00236152    0.0012564   0.00188579  0.000678405    0.0107227    0.0030049 -0.000245718  -0.00329989    0.0055136  0.000883618  -0.00525848    0.0136685   0.00401648  -0.00417147  -0.00190489  -0.00747546  -0.00184268    0.0130791    0.0111598  -0.00301607    0.0145556  -0.00632612   0.00707588   -0.0041491   0.00283824    0.0131609  -0.00832229   0.00753953   0.00147254   0.00107876  -0.00717543  0.000240931  0.000516018
   0.0380714    0.0072566   0.00176128    0.0250877  -0.00726415  0.000569239   -0.0175171  -0.00217651   0.00270235   -0.0642084    0.0014852    0.0137092   -0.0469144  -0.00643932  -0.00543921   0.00799805  0.000882007  -0.00471074    0.0744376  -0.00438447   -0.0331404    0.0473664   0.00233691    0.0106085  0.000413296  -0.00040381 -0.000255382   -0.0116565   -0.0024214    0.0108907  -0.00759856  0.000312844  -0.00370156    0.0126379  -0.00246644  -0.00780515  -0.00217065    0.0123315    0.0130726  -0.00165477   -0.0126891   -0.0163453  -0.00615533   0.00973534   0.00296363   -0.0057403  -0.00764745   -0.0070031  0.000407461 -0.000965421   0.00745882  -0.00789463    -0.012923    0.0114448 -0.000349569   0.00976702  -0.00456463  -0.00906773 -0.000667354 -2.30667e-06   0.00276661  0.000323176   -0.0037885
   0.0315085   0.00252956  -0.00789131    0.0187239   0.00115031   0.00496503   -0.0177972 -0.000879527  0.000429989   -0.0361557  -0.00158232     0.010541   -0.0225665   0.00460094  -0.00250089  -0.00303105  -0.00165591   0.00167894  -0.00438447    0.0223532   -0.0026934  -0.00642107   -0.0125862   0.00451681   0.00170143  0.000754716  0.000969304   0.00840321   -0.0116834    0.0100717   0.00513445   0.00771131   -0.0101748  -0.00352235  -0.00172698  0.000754146  -0.00470569   0.00163179    0.0131332  -0.00566023  -0.00318342  -0.00681807  -0.00229831  -0.00487085   0.00149608  -0.00529332   0.00771708    0.0210327  -0.00206843  -0.00525131   -0.0127361   -0.0141209    0.0272889   -0.0154441  -0.00775714   -0.0245531    0.0105505  0.000643002  0.000228988   0.00134478   0.00127238  -0.00126032  -0.00237113
  -0.0276205   -0.0100967  -0.00959598   -0.0207817   0.00614387   0.00440523    0.0159699   0.00111582  -0.00138866    0.0598464   0.00107729   -0.0118299    0.0539016  -0.00172283   0.00495013  -0.00578249   0.00195466   0.00212473   -0.0331404   -0.0026934    0.0347952   -0.0198707   0.00597637   -0.0178855  0.000685806  0.000293332  -0.00138539  0.000998893    0.0068062   -0.0294062   0.00269848  -0.00702126    0.0219353    0.0042965  -0.00114919   0.00415899   0.00266239  -0.00571548   -0.0140326   0.00470874   0.00792015    0.0153749    0.0116391  -0.00112657  -0.00318315      0.00418   -0.0042369  -0.00817572   0.00540217   0.00464419   0.00889857   0.00943329   0.00024729   0.00273519   0.00882321   -0.0108516  -0.00111347   0.00457415   0.00314876   0.00272007   0.00458375  -0.00356902  -0.00238551
   0.0250915   0.00578286   0.00439682    0.0345678   -0.0107295  -0.00333457   -0.0160565    0.0012001 -0.000791023    -0.039888    0.0069911   0.00796028   -0.0575978  0.000111424  -0.00996214   0.00770711  -0.00111106  -0.00271419    0.0473664  -0.00642107   -0.0198707    0.0741277   0.00252969    0.0244951   0.00221436  -0.00144949  0.000417869  -0.00549291   0.00108497   0.00457242   -0.0154093   0.00393897   -0.0105424    0.0122441  -0.00623857  -0.00794498  0.000822009    0.0152833    0.0114975  -0.00040878   -0.0186728   -0.0112686  -0.00409219    0.0108096   0.00467624   -0.0105055  -0.00864709  -0.00753116   0.00627303  -0.00624454    0.0133246  -0.00605739   -0.0206822    0.0125489  0.000809568    0.0135762  -0.00297487   -0.0108236  0.000155053   0.00376556   0.00224172  -0.00086622  -0.00386927
   -0.034924   0.00191647    0.0169447   -0.0385326   0.00408205   -0.0088557     0.025657  -0.00206401  -0.00196758    0.0367259   0.00758811  -0.00906449    0.0427564  -0.00562779   0.00755638  -0.00139002 -0.000563838   0.00133581   0.00233691   -0.0125862   0.00597637   0.00252969    0.0408983   -0.0120084  -0.00440071  -0.00177751   0.00119845  -0.00446561   0.00104117   -0.0136663 -0.000613941    -0.041258     0.036121    0.0144699   0.00297805  -0.00592258   0.00670424  -0.00311413    -0.011094    0.0112185   -0.0017849   0.00664115  -0.00556162   0.00846501   0.00357827    0.0132903   -0.0083091   -0.0268589   0.00818309   0.00362242     0.028289    0.0203767   -0.0308427    0.0160687    0.0211674    0.0327973   -0.0157146  -0.00165858  -0.00442226  -0.00564174   -0.0192521   0.00171607    0.0186302
   0.0229606   0.00615586  0.000677083    0.0191393  -0.00486771  -0.00375432    -0.018869 -0.000681957  0.000464755   -0.0579394  0.000269348   0.00926679   -0.0593449   0.00920658  -0.00723563   0.00316328   -0.0020922 -0.000801519    0.0106085   0.00451681   -0.0178855    0.0244951   -0.0120084    0.0352778   0.00279207  -0.00130961    0.0009973   0.00109377  -0.00235322    0.0225341  -0.00854464    0.0247034   -0.0462158     -0.01781   0.00407348  -0.00225752  -0.00196368   0.00893435   0.00823149  -0.00370175   -0.0151609  -0.00399415  -0.00765154 -0.000453024   0.00187472  -0.00333867   0.00136801   0.00329193    0.0056868   -0.0150394  -0.00336725  -0.00346595  -0.00208559  -0.00891677  -0.00299384   0.00461404    0.0100104 -0.000451012  -0.00136781   0.00991947    0.0122103   0.00552989     -0.01308
  0.00235712 -0.000802664   -0.0033313   0.00501227 -0.000873032  0.000535207  -0.00214583  0.000144274  0.000783605   -0.0073384 -0.000218569  0.000724982  -0.00990971   0.00233985  -0.00129698 -0.000585669   0.00166081  -0.00032541  0.000413296   0.00170143  0.000685806   0.00221436  -0.00440071   0.00279207   0.00625886 -0.000309764 -0.000631189  -0.00290445   0.00141667   0.00244652  -0.00222466    0.0051901  -0.00509547   0.00140017 -0.000249403   0.00160755   0.00273253    0.0149612  -0.00393981   0.00122653   -0.0123777   0.00522778    0.0057093 -0.000438008  -0.00181037   0.00339533   0.00519486  -0.00924481   0.00704445  -0.00499412   0.00637202   0.00444742 -0.000493748  -0.00382492   0.00336661  -0.00352646   0.00554476  -0.00426846   0.00137717   0.00494382   0.00717545 -0.000262065  -0.00859094
 -0.00432199  -0.00335476   -0.0032918   0.00370106   -0.0029233  -0.00114029   0.00142007   0.00377806   0.00214788  -0.00113538  -0.00242763 -0.000176428  -0.00316375  -0.00214441 -0.000755654 -0.000373052   0.00349912  -0.00152144  -0.00040381  0.000754716  0.000293332  -0.00144949  -0.00177751  -0.00130961 -0.000309764    0.0055986  0.000311181   0.00284041  -0.00212289  0.000452013   0.00115699  -0.00153908   0.00164411 -0.000101425   -0.0050139 -0.000607302  -0.00276698  0.000671817   0.00400042 -0.000356796   0.00904587  -0.00590837  -0.00291536  -0.00293949    0.0012261     0.002344    0.0056692   0.00257162  -0.00867146    0.0061016   -0.0103873  -0.00119143   0.00182523  0.000395972  -0.00220249   -0.0119488   0.00433413   -0.0017928 -0.000147874  0.000416539   0.00529541  -0.00134359  0.000660994
 -0.00034184  0.000972071 -0.000104192  -0.00271904  0.000221524  -0.00108704   0.00165683  0.000532503  0.000558167  -0.00524151  0.000159316  0.000743537    -0.004411  -0.00132886 -7.94557e-05 -0.000175545  -0.00130031   0.00342797 -0.000255382  0.000969304  -0.00138539  0.000417869   0.00119845    0.0009973 -0.000631189  0.000311181   0.00333212   0.00297385  -0.00231594   0.00155493  0.000402207   -0.0017738  0.000260352 -0.000487422   0.00288455 -0.000501174  -0.00112814  -0.00310651   0.00518248  0.000556706  0.000668198  0.000659347  -0.00401727 -0.000940076   0.00162757  -0.00263667   8.6633e-05    0.0055521   0.00157417  -0.00135037   0.00391403  -0.00256492   0.00286515   -0.0012662   0.00134442    0.0021303  -0.00144955   0.00323436  0.000237914  0.000348252  -0.00245148 -0.000165701   0.00238534
    0.014411  -0.00129097   -0.0093507    0.0235987   0.00111515    0.0116369  -0.00505984   0.00478835  -0.00247469   -0.0483035   -0.0021937   0.00986707   -0.0524816   0.00040107  -0.00748556 -0.000201444  -0.00648105   0.00221016   -0.0116565   0.00840321  0.000998893  -0.00549291  -0.00446561   0.00109377  -0.00290445   0.00284041   0.00297385    0.0274575    -0.011506  -0.00140505    0.0153274    0.0026395   0.00302243 -3.80183e-05   0.00198577   -0.0032299  -0.00858346   -0.0256563    0.0167314  -0.00560274      0.02061  -0.00985647  -0.00814084  -0.00952181    0.0055417  -0.00941034   -0.0028873    0.0281648   -0.0103001    0.0069358   -0.0121456   -0.0142171    0.0328805  -0.00932533  -0.00211773   -0.0201318  0.000450734    0.0148865  -0.00122442  0.000300889  -0.00208624  -0.00118351   0.00405296
  -0.0199354  -0.00069392   0.00504491   -0.0146629  0.000358845  -0.00502755    0.0127578  -0.00115555  0.000360515    0.0289456   0.00414929  -0.00696969    0.0248821  0.000136083   0.00265615   0.00499651   0.00387832  -0.00265954   -0.0024214   -0.0116834    0.0068062   0.00108497   0.00104117  -0.00235322   0.00141667  -0.00212289  -0.00231594    -0.011506    0.0209346  -0.00448969  -0.00799169   0.00422523  0.000231662  0.000137815   0.00520378   0.00571659   0.00675838   0.00802215   -0.0183198   0.00381414  -0.00425388    0.0112937    0.0072291   0.00572939  -0.00711272   0.00263138  -0.00287051   -0.0206563   0.00688968   0.00455606    0.0120406    0.0108711   -0.0248925    0.0118665   0.00286677    0.0283589  -0.00623857 -0.000838621   0.00415807  -0.00198254   0.00283479   0.00124039   -0.0076806
   0.0126218    0.0087108    0.0126014   0.00982026  -0.00555605   -0.0116433   -0.0147916  8.04058e-05   0.00173491   -0.0595705   0.00163678    0.0101114   -0.0404772   0.00627887  -0.00173838   0.00510697   0.00137937 -0.000781619    0.0108907    0.0100717   -0.0294062   0.00457242   -0.0136663    0.0225341   0.00244652  0.000452013   0.00155493  -0.00140505  -0.00448969     0.048409  -0.00651494    0.0114137   -0.0371746   -0.0181911   0.00491085   0.00101821   0.00413484    0.0195443   0.00270958  -0.00049867   -0.0158753  -0.00433327   -0.0118982  -0.00127142 -0.000448913   0.00865795    0.0190992  -0.00609124   0.00277156  -0.00736523  -0.00192013   0.00241245 -0.000443011   -0.0145141  -0.00842724    0.0188859   0.00772523  -0.00717165 -0.000606054 -0.000351264  -0.00613874   0.00621598  0.000978392
   0.0133121  -0.00336992   -0.0123373   0.00203162   0.00571953    0.0117261   0.00424979 -0.000903173   0.00210601   -0.0355888  -0.00367198   0.00873771   -0.0414442  -0.00783811  -0.00252913  0.000531273  -0.00260851  -0.00236152  -0.00759856   0.00513445   0.00269848   -0.0154093 -0.000613941  -0.00854464  -0.00222466   0.00115699  0.000402207    0.0153274  -0.00799169  -0.00651494    0.0267674  -0.00154362    0.0104878   0.00381248  -0.00799511   -0.0012101  -0.00343754   -0.0221805  -0.00180365  -0.00271551    0.0219962  -0.00390024   0.00097785   -0.0108228   0.00361502   0.00717505  -0.00743082   0.00553292   -0.0120635   0.00708998   -0.0164916   0.00242038   0.00958116  -0.00249842  -0.00678469   -0.0266698   0.00429806   0.00770087  -0.00526004  -0.00552219 -0.000870115 -0.000546617    0.0053763
   0.0396825  -0.00152021   -0.0228384    0.0384178 -3.92921e-06    0.0170164   -0.0285102 -0.000182876 -0.000287447   -0.0429585  -0.00289323   0.00905832    -0.050447    0.0123977  -0.00757248   0.00585209  -0.00354497    0.0012564  0.000312844   0.00771131  -0.00702126   0.00393897    -0.041258    0.0247034    0.0051901  -0.00153908   -0.0017738    0.0026395   0.00422523    0.0114137  -0.00154362    0.0696249   -0.0572741   -0.0229883    0.0105884   0.00797716  -0.00882391  -0.00927221   0.00648248   -0.0126235   0.00426504   0.00750535    0.0175039   -0.0116342  -0.00773344   -0.0190449   -0.0054154    0.0301677   0.00106099   -0.0039485   -0.0217647   -0.0251468    0.0330561   -0.0213445   -0.0161018   -0.0289728    0.0203346    0.0102265    0.0054967     0.011627    0.0290581   0.00114952   -0.0326019
  -0.0327455   -0.0057429    0.0072015   -0.0233716   0.00383128  -0.00115443     0.031354   0.00213949  -0.00211564    0.0658101   0.00119664     -0.01091     0.072591   -0.0148335   0.00806528  -0.00412997   0.00174496   0.00188579  -0.00370156   -0.0101748    0.0219353   -0.0105424     0.036121   -0.0462158  -0.00509547   0.00164411  0.000260352   0.00302243  0.000231662   -0.0371746    0.0104878   -0.0572741     0.089237    0.0401924   -0.0071808  -0.00191633   0.00282188  -0.00895894  -0.00660697   0.00810758    0.0141131   0.00169177   0.00477311   0.00569485    0.0011186   0.00300622    -0.008735  -0.00535137  -0.00551101    0.0208049    0.0126882   0.00545995   -0.0135408    0.0236666    0.0101628   0.00597148    -0.021768  -0.00304807  -0.00265169   -0.0136949   -0.0268528  -0.00763585    0.0261587
  0.00704739  0.000640459  -0.00124387    0.0156505 -0.000741115   0.00622988   0.00625453   0.00163417  -0.00191498    0.0176702  -0.00192789  0.000549828   0.00591977  -0.00460907  -0.00228305   0.00732649  -0.00346095  0.000678405    0.0126379  -0.00352235    0.0042965    0.0122441    0.0144699     -0.01781   0.00140017 -0.000101425 -0.000487422 -3.80183e-05  0.000137815   -0.0181911   0.00381248   -0.0229883    0.0401924    0.0748827   -0.0063645  -0.00249315 -0.000675732  -0.00652398    0.0210395 -0.000901557   0.00240038   -0.0262863    0.0220865   0.00977437   0.00127121   -0.0125112  -0.00933689   0.00942667   -0.0140504   0.00970071  -0.00187641 -0.000801332  -0.00355673    0.0144112  0.000228951    0.0147222   -0.0195505  -0.00172763   0.00495616   -0.0251294    -0.021983  -0.00932406    0.0233118
 -0.00404795   0.00465176   0.00748771  -0.00547954   0.00590764   0.00453398  -0.00475235  0.000311067  -0.00943583   0.00176006   0.00677464 -0.000573603    0.0111987   0.00767375   0.00308387   0.00102797  -0.00901667    0.0107227  -0.00246644  -0.00172698  -0.00114919  -0.00623857   0.00297805   0.00407348 -0.000249403   -0.0050139   0.00288455   0.00198577   0.00520378   0.00491085  -0.00799511    0.0105884   -0.0071808   -0.0063645    0.0697895 -0.000328773 -0.000589455   -0.0129832   0.00452354   0.00284567   -0.0124775    0.0240894   0.00511489    0.0292741   -0.0164515   -0.0144904  -0.00494596    0.0196534    0.0268429   0.00535362    0.0399332  -0.00135434    0.0338567   -0.0206695    0.0160082    0.0366252   -0.0155926    0.0297202  0.000593378   0.00706403   -0.0110956   0.00695876   -0.0125084
  0.00845011  -0.00224496  -0.00528023   0.00371652   0.00266911   0.00221001  -0.00592701 -0.000697276    0.0006888   0.00679243  -0.00453186  0.000295238    0.0126387   0.00167205   0.00178809   0.00077824   0.00284543    0.0030049  -0.00780515  0.000754146   0.00415899  -0.00794498  -0.00592258  -0.00225752   0.00160755 -0.000607302 -0.000501174   -0.0032299   0.00571659   0.00101821   -0.0012101   0.00797716  -0.00191633  -0.00249315 -0.000328773    0.0161926   0.00415487    0.0133331   -0.0135337  -0.00170136  -0.00668157    0.0130151     0.012016   -0.0044973  -0.00488581   0.00605746   0.00789953  -0.00986759   0.00284579   0.00454648  -0.00122828   0.00493063  -0.00182085  -0.00113643  -0.00580078   0.00810184  -0.00233677  -6.4448e-05   0.00179671  -0.00130788   0.00141282   0.00190839  -0.00991343
  -0.0111469  0.000182284   0.00567838   -0.0149979   0.00229478  -0.00556439   0.00745469  -0.00241949   0.00073158   0.00759644   0.00558312   -0.0024318    0.0080423  -0.00295988   0.00232187   0.00412725   0.00452543 -0.000245718  -0.00217065  -0.00470569   0.00266239  0.000822009   0.00670424  -0.00196368   0.00273253  -0.00276698  -0.00112814  -0.00858346   0.00675838   0.00413484  -0.00343754  -0.00882391   0.00282188 -0.000675732 -0.000589455   0.00415487    0.0203447    0.0266209   -0.0346082    0.0142369    -0.020363    0.0282326    0.0048485   0.00418869  -0.00456983    0.0252539    0.0135633   -0.0488982    0.0216007   -0.0075424     0.031833    0.0305289   -0.0192567    -0.003684    0.0125677    0.0189934   0.00403244  -0.00876116  0.000281005 -0.000287498  -0.00233665   0.00363399  -0.00538204
    0.018491   0.00260467   0.00474896    0.0176168   -0.0107833   -0.0159915    -0.019662 -0.000791306   0.00616492   -0.0246373  -0.00443504    0.0020235   -0.0168088    0.0020257  -0.00038369  -0.00122178    0.0200066  -0.00329989    0.0123315   0.00163179  -0.00571548    0.0152833  -0.00311413   0.00893435    0.0149612  0.000671817  -0.00310651   -0.0256563   0.00802215    0.0195443   -0.0221805  -0.00927221  -0.00895894  -0.00652398   -0.0129832    0.0133331    0.0266209     0.122509   -0.0459221     0.016928   -0.0882881    0.0408939   0.00748981   0.00770228   -0.0106158    0.0357929    0.0577429   -0.0819926    0.0374846   -0.0344065    0.0444712       0.0359   -0.0573681   0.00846244    0.0087907    0.0274783   0.00889267   -0.0480191   0.00427772   0.00482413    0.0131328     0.003305   -0.0206567
   0.0305073   0.00736247  -0.00296662    0.0412504  -0.00950898   0.00728728     -0.02537   0.00585015  -0.00462425   -0.0235054   -0.0106518   0.00656286   -0.0315413   0.00644612  -0.00609625  -0.00669105   -0.0142798    0.0055136    0.0130726    0.0131332   -0.0140326    0.0114975    -0.011094   0.00823149  -0.00393981   0.00400042   0.00518248    0.0167314   -0.0183198   0.00270958  -0.00180365   0.00648248  -0.00660697    0.0210395   0.00452354   -0.0135337   -0.0346082   -0.0459221     0.104245   -0.0281337    0.0238197   -0.0810434   -0.0205372  -0.00525527    0.0137844   -0.0642622    -0.020486     0.106299   -0.0400819    0.0077963   -0.0396943   -0.0585238    0.0433498   0.00656765   -0.0148337   -0.0166073   -0.0179707   0.00810593   0.00150336   -0.0153846   -0.0270879   -0.0104699    0.0396438
  -0.0218015  -0.00120856   0.00720649   -0.0265676   0.00102231  -0.00912946    0.0150291 -0.000667483   0.00129324   0.00919826   0.00633337  -0.00457108    0.0152877  -0.00682431   0.00378645   0.00332641   0.00510512  0.000883618  -0.00165477  -0.00566023   0.00470874  -0.00040878    0.0112185  -0.00370175   0.00122653 -0.000356796  0.000556706  -0.00560274   0.00381414  -0.00049867  -0.00271551   -0.0126235   0.00810758 -0.000901557   0.00284567  -0.00170136    0.0142369     0.016928   -0.0281337    0.0202897   -0.0128163      0.02936 -0.000564822   0.00367935 -0.000319514    0.0203116   0.00583506   -0.0372498    0.0230459   -0.0118533    0.0341019    0.0234803    -0.020729  -0.00097192    0.0219023   0.00573705   0.00930131  -0.00611319  0.000397499   0.00132649   0.00220849   0.00110898   0.00178983
  -0.0319452   -0.0102047    -0.010532   -0.0242759   0.00548495   0.00828094    0.0297703   0.00499202   0.00370666    0.0325298  -0.00079389  -0.00477174    0.0266934   -0.0088758   0.00200912   0.00189616  -0.00251372  -0.00525848   -0.0126891  -0.00318342   0.00792015   -0.0186728   -0.0017849   -0.0151609   -0.0123777   0.00904587  0.000668198      0.02061  -0.00425388   -0.0158753    0.0219962   0.00426504    0.0141131   0.00240038   -0.0124775  -0.00668157    -0.020363   -0.0882881    0.0238197   -0.0128163    0.0975715   -0.0396525  -0.00549882   -0.0137523   0.00719634  -0.00791186   -0.0270702    0.0480656   -0.0543198    0.0508261   -0.0686909    -0.016933    0.0393781  -0.00498122   -0.0188968   -0.0531722    0.0101454    0.0305183  -0.00474907  -0.00408833   0.00816832  -0.00381984    0.0100341
 -0.00947862  -0.00686616  -0.00460506   -0.0223529    0.0106345  -0.00280724    0.0087591  -0.00224175   -0.0021911    0.0153139   0.00786116   -0.0042172    0.0238146  -0.00489843   0.00472835   0.00411598   0.00499272    0.0136685   -0.0163453  -0.00681807    0.0153749   -0.0112686   0.00664115  -0.00399415   0.00522778  -0.00590837  0.000659347  -0.00985647    0.0112937  -0.00433327  -0.00390024   0.00750535   0.00169177   -0.0262863    0.0240894    0.0130151    0.0282326    0.0408939   -0.0810434      0.02936   -0.0396525     0.112978    0.0289787  -0.00866322    -0.016706    0.0356849   0.00904493   -0.0658516    0.0744946   -0.0201855    0.0869767    0.0301729   -0.0161383   -0.0160487     0.031643    0.0200803    0.0114514   0.00679562   0.00186371    0.0271223     0.021631   0.00962414      -0.0472
    0.010775  -0.00634115   -0.0123943     0.013118   0.00465885   0.00984871    -0.004642  -0.00104963  -0.00231697    0.0288046   0.00130071  -0.00228519    0.0225604  0.000349501  0.000888282   0.00208149   0.00068599   0.00401648  -0.00615533  -0.00229831    0.0116391  -0.00409219  -0.00556162  -0.00765154    0.0057093  -0.00291536  -0.00401727  -0.00814084    0.0072291   -0.0118982   0.00097785    0.0175039   0.00477311    0.0220865   0.00511489     0.012016    0.0048485   0.00748981   -0.0205372 -0.000564822  -0.00549882    0.0289787    0.0562728  -0.00472045   -0.0144512   0.00263915   -0.0115171   -0.0128409    0.0117302    0.0124692    0.0100645   0.00551723  -0.00778474   0.00246407  -0.00112643   0.00269065  -0.00331836  0.000427617  -0.00070242   0.00343286    0.0082857   0.00323197   -0.0212203
  -0.0129811   0.00576918    0.0146774   -0.0079145 -0.000874017  -0.00532638 -0.000317847  -0.00264914  -0.00118146    0.0250589   0.00922598  -0.00489406    0.0208047   0.00720155   0.00155915 -0.000521207  0.000535206  -0.00417147   0.00973534  -0.00487085  -0.00112657    0.0108096   0.00846501 -0.000453024 -0.000438008  -0.00293949 -0.000940076  -0.00952181   0.00572939  -0.00127142   -0.0108228   -0.0116342   0.00569485   0.00977437    0.0292741   -0.0044973   0.00418869   0.00770228  -0.00525527   0.00367935   -0.0137523  -0.00866322  -0.00472045    0.0500494  -0.00899274   0.00138007    0.0063364   -0.0113427  -0.00202506   0.00248925  0.000167924    0.0126367  -0.00282253  -0.00161164  -0.00222004    0.0205394  -0.00758492  -0.00114641 -0.000400773  -0.00407008  -0.00846862   0.00176485   0.00550998
 -0.00807246  9.15368e-05    0.0038878  -0.00223471  -0.00274381  9.13726e-05   0.00550029   0.00136693 -0.000885388  -0.00663119  0.000663017  0.000258215   -0.0147935  -0.00320282  -0.00122919  -0.00245782  -0.00259628  -0.00190489   0.00296363   0.00149608  -0.00318315   0.00467624   0.00357827   0.00187472  -0.00181037    0.0012261   0.00162757    0.0055417  -0.00711272 -0.000448913   0.00361502  -0.00773344    0.0011186   0.00127121   -0.0164515  -0.00488581  -0.00456983   -0.0106158    0.0137844 -0.000319514   0.00719634    -0.016706   -0.0144512  -0.00899274    0.0167882  -0.00499212  -0.00424328    0.0110846  -0.00553209  -0.00920681  -0.00504355   -0.0102787  -0.00012377   0.00305514   0.00654342   -0.0107306   0.00439079  -0.00433194  0.000281486 -0.000734174  -0.00272385  -0.00353731    0.0139781
  -0.0224089  -0.00689379  -0.00217974   -0.0361854   0.00590546  -0.00766253    0.0202362  -0.00284415   0.00854335  -0.00997765   0.00140041  -0.00100515   0.00560423  -0.00856559   0.00479658   0.00484816    0.0143402  -0.00747546   -0.0057403  -0.00529332      0.00418   -0.0105055    0.0132903  -0.00333867   0.00339533     0.002344  -0.00263667  -0.00941034   0.00263138   0.00865795   0.00717505   -0.0190449   0.00300622   -0.0125112   -0.0144904   0.00605746    0.0252539    0.0357929   -0.0642622    0.0203116  -0.00791186    0.0356849   0.00263915   0.00138007  -0.00499212    0.0747568    0.0255678   -0.0939539    0.0174955  0.000542357    0.0161797    0.0770791   -0.0395062   -0.0149285    0.0144616  -0.00104993    0.0255258   -0.0113553  -0.00773702   0.00432189    0.0127651   0.00828753    -0.013824
  -0.0178282  0.000499951   0.00530142  -0.00653915  -0.00426849  -0.00772533   0.00540377   0.00408519   0.00431242    0.0127797  -0.00245239   -0.0045847   0.00885083   0.00466883    0.0038785  -0.00113598    0.0120803  -0.00184268  -0.00764745   0.00771708   -0.0042369  -0.00864709   -0.0083091   0.00136801   0.00519486    0.0056692   8.6633e-05   -0.0028873  -0.00287051    0.0190992  -0.00743082   -0.0054154    -0.008735  -0.00933689  -0.00494596   0.00789953    0.0135633    0.0577429    -0.020486   0.00583506   -0.0270702   0.00904493   -0.0115171    0.0063364  -0.00424328    0.0255678    0.0758326   -0.0184445 -0.000612514   -0.0145046   -0.0128661    0.0225358    0.0122654   -0.0233081  -0.00250769    0.0147609    0.0122415   0.00210309   0.00380827  -0.00282018    0.0110415   0.00360888   -0.0078238
  0.00366072   0.00225966    0.0040888    0.0201919  -0.00258419   0.00608301   -0.0115071   0.00682735   -0.0114613    0.0390113   -0.0130537  -0.00416655    0.0256655    0.0174551   0.00157237   -0.0116996    -0.020131    0.0130791   -0.0070031    0.0210327  -0.00817572  -0.00753116   -0.0268589   0.00329193  -0.00924481   0.00257162    0.0055521    0.0281648   -0.0206563  -0.00609124   0.00553292    0.0301677  -0.00535137   0.00942667    0.0196534  -0.00986759   -0.0488982   -0.0819926     0.106299   -0.0372498    0.0480656   -0.0658516   -0.0128409   -0.0113427    0.0110846   -0.0939539   -0.0184445     0.207961   -0.0491425   0.00263357      -0.1046    -0.113834    0.0787092   -0.0156507   -0.0400068   -0.0227732  -0.00718457    0.0399095  -0.00176116  -0.00956438   -0.0220095  -0.00522687    0.0285355
