63 63
    0.187225    0.0271022   -0.0297387     0.112833   -0.0124916   0.00410248    -0.129989  -0.00975289 -0.000712777     -0.12837   -0.0130154    0.0308147    -0.130131 -0.000965472   -0.0151572     0.013249   -0.0040618    0.0122875    0.0255894    0.0179874  -0.00897639    0.0367752   -0.0110386   -0.0117799  -0.00340292  -0.00642002  -0.00918693   0.00105593  -0.00927634 -0.000809899     0.012797  -0.00687589    0.0501937     0.039894 -0.000643326    0.0202413  -0.00270943    0.0223752  0.000188502   -0.0163257   -0.0392498   0.00686129    0.0664751    0.0129375   -0.0233715  -0.00463798   -0.0413752   0.00802505    0.0159728    0.0116875   0.00358199   -0.0127309    0.0706626   -0.0363233   -0.0296349   -0.0763871     0.022534    0.0138308   0.00967984   -0.0236404    0.0182926   -0.0199534    0.0311844
   0.0271022    0.0194743   0.00669546    0.0130615  -0.00775963  -0.00582589   -0.0184806  -0.00439627   0.00111117    -0.022902    0.0124091   0.00490189   -0.0262246  -0.00449019  -0.00148624  0.000151724    -0.004188    0.0019985   0.00962636   0.00787336  -0.00649139   0.00459667  -0.00359019  -0.00343537  0.000468549  -0.00361723 -0.000498157    0.0019613  -0.00444613 -0.000200372   0.00380867  -0.00269273   0.00998261   0.00825899   0.00329072 -8.95724e-05   0.00130333    -0.011584  0.000753663  -0.00339385  -0.00259733  -0.00237541   0.00770012   0.00302596  -0.00510058  -0.00713088   -0.0138174    0.0149395  -0.00178937  -0.00682621  -0.00673389   0.00254428    0.0290937   -0.0180008  -0.00164215   -0.0257338    0.0135368   0.00709175   0.00240415  0.000728163   0.00764866  -0.00666974   0.00215934
  -0.0297387   0.00669546    0.0293977   -0.0260689  -0.00246476   -0.0102473    0.0259312  -0.00114892  -0.00136763    0.0222775 -0.000202696  -0.00202373    0.0187295  -0.00114503   0.00298674  -0.00524215    0.0010608  -0.00356541   0.00333522  -0.00728818  -0.00655766   -0.0146616   0.00537447   0.00413222   0.00246569  0.000120097   0.00189792  -0.00414083   0.00214632  -0.00224568  -0.00278124  -0.00395345   -0.0134949  -0.00648133   0.00306552  -0.00311178 -0.000287592  -0.00630746   0.00597067    0.0025091   0.00821136  -0.00814728   -0.0189107   -0.0079937    0.0043399  -0.00301629   0.00976091   0.00895125   -0.0111984  -0.00313895   -0.0101377     0.011317   -0.0204229   0.00658007    0.0136406    0.0223872  -0.00392086 -0.000990319  -0.00587454    0.0139453  8.40889e-05    0.0061259   -0.0126663
    0.112833    0.0130615   -0.0260689     0.174065   -0.0144101    0.0215462    -0.117496    0.0137139  -0.00488369    -0.113793    0.0055374    0.0214439    -0.127708   0.00930497    -0.020754    0.0129723 -0.000334287   0.00710697    0.0275848       0.0196  -0.00912212    0.0165992    -0.018253   -0.0166489  0.000555394   0.00115323  -0.00993609    0.0070081   -0.0178142    0.0153955    0.0242111   0.00457996    0.0563886    0.0352961   0.00643925    0.0331661  -0.00170518    0.0645582   0.00636797    -0.007805   -0.0455813   0.00838642    0.0605864   0.00652743   -0.0286988 -0.000886658   -0.0075927   0.00258939    0.0182181    0.0251623  -0.00387639   -0.0247217    0.0393876   -0.0263624   -0.0241116   -0.0590256    0.0207909  -0.00545482   0.00505965    -0.024698  -0.00112235   -0.0131009    0.0222273
  -0.0124916  -0.00775963  -0.00246476   -0.0144101    0.0121539   0.00791435    0.0106476  -0.00160077   0.00119863    0.0182161  -0.00206608  -0.00169736     0.012797   0.00894298   0.00139121    0.0013254 -0.000929178 -0.000417578  -0.00185402  -0.00566933   0.00336075  -0.00952673   0.00709143 -0.000798264  -0.00263932  -0.00111466  0.000862439  -0.00577219   0.00709032  -0.00253676   0.00157142  -0.00158659  -0.00616522  -0.00516286   0.00179347  -0.00375503  0.000667279  -0.00745625  -0.00911838   0.00121527   0.00341953   0.00698342  -0.00472003   0.00161594   0.00284646   0.00891931    0.0018151   -0.0181995    0.0108852  -0.00510811    0.0192518    0.0047896   -0.0108702   0.00978339   0.00568802    0.0182569  -0.00934705  -0.00165012  -0.00174314 -0.000354001  -0.00606066   0.00422341   -0.0008093
  0.00410248  -0.00582589   -0.0102473    0.0215462   0.00791435    0.0256506   -0.0113096    0.0022726  -0.00241674  -0.00577964   0.00503599   0.00307593   -0.0207104   0.00477091 -0.000955725  0.000176035   0.00181383 -0.000303637    0.0133089   0.00426744  -0.00300703  -0.00716608  -0.00642255   -0.0121575 -0.000833339 -0.000755593  -0.00255075   -0.0053125  -0.00188104    0.0082557    0.0114723   0.00442553    0.0122194 -0.000311331  -0.00130255   0.00936137  0.000437454    0.0295733  -0.00428552  9.68389e-05   -0.0182382    0.0101927     0.015063  -0.00235779  -0.00434552   0.00871831   0.00810976   -0.0153451    0.0176357   0.00453784    0.0140484   -0.0105955  -0.00053446 -0.000550093   0.00174195  -0.00699025   0.00166088  -0.00680241   0.00393377  -0.00909452  -0.00810222  -0.00253048   0.00314071
   -0.129989   -0.0184806    0.0259312    -0.117496    0.0106476   -0.0113096     0.127215   0.00244999   0.00303796    0.0955899  -0.00911321   -0.0210429     0.102887   0.00252467    0.0126107  -0.00885211   0.00788965  -0.00958899   -0.0206493   -0.0156286   0.00267522    -0.027587   0.00743771    0.0201316    0.0107325   0.00687167   0.00946571  -0.00683799   0.00468264  0.000557332   -0.0191556    0.0101939   -0.0586969   -0.0357138  -0.00845788   -0.0198753   0.00442201    -0.012679    0.0137009    0.0170592    0.0365348   -0.0151082   -0.0704915   -0.0206815    0.0263957   -0.0055504    0.0433818  5.43819e-05   -0.0255954  -0.00831911  -0.00985318   0.00835998   -0.0642355    0.0270547     0.022679    0.0610437   -0.0147621   -0.0152476  -0.00992313    0.0230906   -0.0152941    0.0196132   -0.0257585
 -0.00975289  -0.00439627  -0.00114892    0.0137139  -0.00160077    0.0022726   0.00244999   0.00808596  -0.00122104  -0.00361818  -0.00048329 -0.000285252  -0.00315594  0.000162049  -0.00166798   0.00149495   0.00556147  0.000461552  -0.00149326   0.00101022  0.000509935  -0.00120084  -0.00255185   0.00179806    0.0021497   0.00450948 -0.000440681   0.00184171  -0.00433632   0.00500582   0.00120334   0.00559086  0.000875048  -0.00118885  -0.00282823   0.00903564    0.0003451    0.0276943   0.00614277   0.00401779   -0.0038526   0.00219063   0.00224804  -0.00791339  -0.00175903   0.00259212    0.0165586  -0.00268405 -0.000841676    0.0136948  -0.00556294  -0.00625458   -0.0173418   0.00199899   -0.0016207   0.00556543   0.00247068   -0.0112753  -0.00163871  -0.00094767  -0.00682571   0.00305234  -0.00323251
-0.000712777   0.00111117  -0.00136763  -0.00488369   0.00119863  -0.00241674   0.00303796  -0.00122104   0.00507386   0.00493409  0.000297997 -0.000823467   0.00187041   0.00252915 -0.000314352 -9.08584e-05  -0.00130168   0.00031188   0.00232295  -0.00140305  -0.00127993  -0.00430338   0.00109257  0.000264921  0.000116346 -0.000252083   0.00149442  -0.00322394   0.00129615 -0.000790837  0.000282074 -0.000523848  -0.00353607 -0.000821927   0.00253181   -0.0045997  0.000350516    -0.011995  -0.00140043  1.33288e-05   0.00572153  -0.00162239  -0.00543445   0.00402426  0.000167421  -0.00206637  -0.00276356 -0.000777937   -0.0026546  -0.00558671  0.000661685    0.0035709    0.0046717  0.000602689    -0.001883 -0.000807064  -0.00211405   0.00331816 -0.000402519 -0.000234454   0.00354218  0.000296974   0.00140899
    -0.12837    -0.022902    0.0222775    -0.113793    0.0182161  -0.00577964    0.0955899  -0.00361818   0.00493409     0.191184  0.000758719   -0.0365952     0.125247   0.00567553      0.01765  -0.00698201  -0.00362956   -0.0108128   -0.0200445   -0.0245231   0.00377152   -0.0419534    0.0170075   0.00030676  -0.00263468  -0.00068548   0.00760361   -0.0268096    0.0191095  -0.00533455     -0.01945  -0.00656355   -0.0495703   -0.0257669   0.00420416   -0.0320957   0.00225209   -0.0663686   -0.0109053   0.00558537     0.046148   -0.0106729   -0.0589901   0.00434833     0.020986   -0.0016274   0.00389208   -0.0123444   -0.0165001   -0.0251712    0.0103154    0.0237255   -0.0377248    0.0368472    0.0165741    0.0638631    -0.034149     0.010208    -0.005101    0.0122583  -0.00682771    0.0148213   -0.0132228
  -0.0130154    0.0124091 -0.000202696    0.0055374  -0.00206608   0.00503599  -0.00911321  -0.00048329  0.000297997  0.000758719    0.0515387  -0.00223536  -0.00494489   -0.0123425    0.0020543   0.00163481  -0.00682123   0.00366226   0.00250129    0.0103493    0.0067746    0.0102093    0.0031367  -0.00580492  -0.00545464  -0.00457771 -0.000306048   0.00577075   0.00404105  -0.00221125   0.00856208  -0.00359559    0.0116931   0.00193865   0.00329175   0.00390613   0.00355121   -0.0176436   -0.0172949  -0.00237882   0.00289776    0.0176867    0.0185367   0.00213799  -0.00875291    0.0108071   -0.0186495   -0.0238614    0.0225562  -0.00086836     0.029601   0.00251819  -0.00130083   0.00128753   0.00719095   0.00937164  -0.00019435  -0.00117913   0.00850547   -0.0062783  0.000339898    -0.011027   0.00366522
   0.0308147   0.00490189  -0.00202373    0.0214439  -0.00169736   0.00307593   -0.0210429 -0.000285252 -0.000823467   -0.0365952  -0.00223536    0.0116387   -0.0334324  0.000480677  -0.00431435  0.000305034   0.00222156    0.0027496   0.00971005   0.00366101  -0.00337579   0.00509266  -0.00265169  -0.00124397  0.000202364  0.000103173  -0.00172382  0.000875956  -0.00309369   0.00109094   0.00523661  0.000737357   0.00968915   0.00383699  -0.00197687   0.00909113 -0.000947599    0.0218823   0.00282569  -0.00152669   -0.0136831   0.00363941    0.0141972  -0.00366535  -0.00455519   0.00234423   0.00301088  6.41558e-05   0.00427406   0.00799103  -0.00140526  -0.00449284  0.000797688  -0.00485595  -0.00344317  -0.00823387   0.00436728  -0.00551318 -5.71009e-05 -0.000873978   0.00128242  -0.00188291 -0.000121063
   -0.130131   -0.0262246    0.0187295    -0.127708     0.012797   -0.0207104     0.102887  -0.00315594   0.00187041     0.125247  -0.00494489   -0.0334324     0.209759  -0.00320769    0.0251927  -0.00398802  -0.00240745  -0.00864372   -0.0490931   -0.0190038    0.0244038   -0.0226675    0.0264126    0.0166482  -0.00327038    0.0014125   0.00789674  0.000176069    0.0197551   -0.0107829   -0.0304969  -0.00660799   -0.0480599   -0.0260944   0.00426265   -0.0305464 -0.000477083   -0.0762768   -0.0105264   0.00832148    0.0561713   -0.0100749   -0.0605549   0.00487108    0.0224729  0.000290314   0.00186996   -0.0131262   -0.0153724   -0.0204999   0.00664376    0.0238015   -0.0477342    0.0406028    0.0256521    0.0738058   -0.0330634    0.0127834  -0.00451386    0.0138271  -0.00815829    0.0166367  -0.00926067
-0.000965472  -0.00449019  -0.00114503   0.00930497   0.00894298   0.00477091   0.00252467  0.000162049   0.00252915   0.00567553   -0.0123425  0.000480677  -0.00320769    0.0271028  -0.00281541  -0.00111719  -0.00167018  -0.00120207  9.37138e-05   -0.0004355 -0.000671874   -0.0096643   0.00461498   0.00255952   0.00173171 -8.12721e-05  0.000556888  -0.00450312  -0.00222796 -0.000423653  -0.00126177   0.00283553  -0.00448567  -0.00184924   0.00166542  -0.00439788   -0.0010057  -0.00101779    0.0041441   0.00050107   -0.0040092  -0.00787653  -0.00843447   0.00462196   0.00423907  -0.00588247     0.007066    0.0115839  -0.00694925  -0.00901909    -0.010336   0.00108194    0.0195039  -0.00618551  -0.00226996   -0.0184424   0.00219828   0.00303147  -0.00293801  0.000665239   0.00171977    0.0028827 -0.000277838
  -0.0151572  -0.00148624   0.00298674    -0.020754   0.00139121 -0.000955725    0.0126107  -0.00166798 -0.000314352      0.01765    0.0020543  -0.00431435    0.0251927  -0.00281541   0.00717839 -0.000813052 -0.000181169 -0.000375157  -0.00497654  6.73129e-05   0.00232572  -0.00145369    0.0032728 -0.000548632  -0.00057999 -0.000736823  0.000932066  0.000507465   0.00140429 -0.000545067  -0.00321311  -0.00137434  -0.00216225  -0.00215402  0.000239029  -0.00292681   0.00067005  -0.00779843  -0.00139855  0.000628241   0.00483505 -0.000421409  -0.00535281 -0.000216575   0.00223639  0.000336738 -0.000403378   0.00125771 -9.51917e-05  -0.00410678 -0.000654777   0.00105706    0.0025014  -0.00211366   0.00250766   0.00239849   0.00270772 -0.000315768 -0.000147411  0.000498231  -0.00391537   0.00131607 -0.000318314
    0.013249  0.000151724  -0.00524215    0.0129723    0.0013254  0.000176035  -0.00885211   0.00149495 -9.08584e-05  -0.00698201   0.00163481  0.000305034  -0.00398802  -0.00111719 -0.000813052    0.0264507  -0.00466168   0.00109744  -0.00806055  -0.00568988   0.00574744  -0.00119754   0.00954824  -0.00205069  -0.00768107  -0.00101398  0.000229458   0.00256951    0.0102467  -0.00584813   0.00482495   -0.0072003   0.00637203    0.0113992     0.008415  -0.00588906   0.00640011   -0.0415303   -0.0214851   0.00656537    0.0277913     0.015297 -0.000956347   0.00388304   -0.0027756    0.0109205   -0.0183216   -0.0230963    0.0176846  -0.00694791    0.0311298    0.0134631  -0.00486896 -1.05935e-05   0.00847459    0.0147383  -0.00200755    0.0152432  -0.00242886  -0.00159265  0.000824108   0.00394225   0.00611689
  -0.0040618    -0.004188    0.0010608 -0.000334287 -0.000929178   0.00181383   0.00788965   0.00556147  -0.00130168  -0.00362956  -0.00682123   0.00222156  -0.00240745  -0.00167018 -0.000181169  -0.00466168    0.0156323   0.00219086 -0.000411195    0.0033303  -0.00163385  0.000258513  -0.00476127   0.00272455   0.00599366   0.00708347  -0.00182727 -0.000169175   -0.0103962    0.0075269  -0.00122324   0.00995209   0.00225596  -0.00562632   -0.0120814    0.0216786  5.90768e-05    0.0755153    0.0176375     0.006191   -0.0254374   0.00117142   0.00424847   -0.0205567  -0.00322494   0.00642503    0.0436175  0.000475048  -0.00458108    0.0242009   -0.0201297   -0.0108989   -0.0276028 -0.000773479  -0.00129736  -0.00108516   0.00940611   -0.0243751  -0.00323532  0.000975616  -0.00867328   0.00530639    -0.010375
   0.0122875    0.0019985  -0.00356541   0.00710697 -0.000417578 -0.000303637  -0.00958899  0.000461552   0.00031188   -0.0108128   0.00366226    0.0027496  -0.00864372  -0.00120207 -0.000375157   0.00109744   0.00219086   0.00844289  -0.00312579   0.00365698   0.00342401   0.00630808   0.00100581  -0.00109229 -0.000581979 -0.000130073  0.000568614   0.00269672  -0.00127795  -0.00046778   0.00216707   0.00035612    0.0102653   0.00393474  -0.00222449    0.0111967    0.0011949    0.0201374   0.00307219 -0.000922645   -0.0110248   0.00825198    0.0129434   -0.0059832  -0.00466726   0.00305016   0.00253842 -0.000326094   0.00823391    0.0066045   0.00120261  -0.00158965   0.00047155  -0.00761612  -0.00217196  -0.00373133    0.0069177  -0.00893827  0.000495142  -0.00108506  -0.00477389  -0.00140723  -0.00149574
   0.0255894   0.00962636   0.00333522    0.0275848  -0.00185402    0.0133089   -0.0206493  -0.00149326   0.00232295   -0.0200445   0.00250129   0.00971005   -0.0490931  9.37138e-05  -0.00497654  -0.00806055 -0.000411195  -0.00312579     0.109952  -0.00283898   -0.0460789    0.0138291   -0.0167044  -0.00546407   0.00430191  -0.00151694  -0.00179487     -0.04391   -0.0133862    0.0303622  -0.00301066   0.00953303   -0.0177774  -0.00229079  -0.00943895  0.000344195   0.00202662     0.020224    0.0012644   -0.0059998   -0.0187359   0.00142799    0.0221104   0.00150094  0.000740485  9.78964e-05  -0.00117315  0.000376509   0.00974804   0.00180098    0.0046921   0.00155363    0.0184484   -0.0195587   -0.0102884   -0.0220246    0.0149815    -0.012794   0.00176146 -0.000518328 -0.000101113  -0.00467884   0.00506734
   0.0179874   0.00787336  -0.00728818       0.0196  -0.00566933   0.00426744   -0.0156286   0.00101022  -0.00140305   -0.0245231    0.0103493   0.00366101   -0.0190038   -0.0004355  6.73129e-05  -0.00568988    0.0033303   0.00365698  -0.00283898     0.026588  -0.00051947    0.0126387   -0.0142699  -0.00407103   0.00456363  0.000929949  -0.00257272    0.0115138   -0.0200787    0.0123884  0.000630341    0.0109516    0.0169988   0.00486032   -0.0105265    0.0133204  0.000422626    0.0437133    0.0149566  -0.00283443   -0.0269967  -0.00526503    0.0193691  -0.00322674  -0.00427625   -0.0129055   0.00926836    0.0316897   -0.0114165    0.0113384   -0.0361677   -0.0213207    0.0342707   -0.0262498   -0.0159439   -0.0520367    0.0266327  -0.00935744   0.00694787  -0.00520209  5.44805e-05  -0.00936874  0.000986064
 -0.00897639  -0.00649139  -0.00655766  -0.00912212   0.00336075  -0.00300703   0.00267522  0.000509935  -0.00127993   0.00377152    0.0067746  -0.00337579    0.0244038 -0.000671874   0.00232572   0.00574744  -0.00163385   0.00342401   -0.0460789  -0.00051947    0.0293625  0.000655261     0.012555   0.00340608  -0.00415265 -0.000972635   0.00069924    0.0187121     0.012845   -0.0222029   0.00349303  -0.00751914   0.00947415   0.00158852   0.00726295  0.000166695  0.000420231   -0.0152488  -0.00926305   0.00289988   0.00753347   0.00952922  -0.00202665   0.00168954  -0.00322997   0.00999875  -0.00157762   -0.0230644    0.0123987  -0.00535933    0.0262101   0.00411809  -0.00499363    0.0115075    0.0111526    0.0149134   -0.0112215   0.00605479   0.00373235  -0.00477448 -7.43313e-05  -0.00176368   0.00204772
   0.0367752   0.00459667   -0.0146616    0.0165992  -0.00952673  -0.00716608    -0.027587  -0.00120084  -0.00430338   -0.0419534    0.0102093   0.00509266   -0.0226675   -0.0096643  -0.00145369  -0.00119754  0.000258513   0.00630808    0.0138291    0.0126387  0.000655261    0.0905184   0.00191455    0.0201057  0.000403069 -0.000201687  -0.00331674   0.00596674   -0.0127433   0.00562986   -0.0259364   0.00440923   0.00111547   0.00560332   -0.0115281   0.00816752 -2.21045e-05    0.0154442   0.00217543  -0.00579052   -0.0185714   0.00220145    0.0280139   0.00206987  -0.00177051  0.000303521   -0.0122377    0.0117454   0.00356694   0.00909625  -0.00857263   -0.0110366    0.0305033   -0.0229669   -0.0125482   -0.0402705    0.0231176    -0.010853   0.00370808  -0.00481468   0.00851682   -0.0124916    0.0108277
  -0.0110386  -0.00359019   0.00537447    -0.018253   0.00709143  -0.00642255   0.00743771  -0.00255185   0.00109257    0.0170075    0.0031367  -0.00265169    0.0264126   0.00461498    0.0032728   0.00954824  -0.00476127   0.00100581   -0.0167044   -0.0142699     0.012555   0.00191455    0.0260481   0.00765606  -0.00765656  -0.00234873   0.00201218   0.00140895     0.018696   -0.0165992  -0.00410754   -0.0144373  -0.00584164   0.00113332    0.0127217  -0.00899617  0.000144849    -0.044892   -0.0182115   0.00174233    0.0234683    0.0092679   -0.0124906   0.00578122  0.000445054    0.0135616   -0.0137065   -0.0276393    0.0131295  -0.00977421    0.0317858    0.0206377   -0.0167443    0.0196882     0.015938    0.0390308   -0.0193888    0.0128113  -0.00583925   0.00524317   0.00532394   0.00684336 -0.000575937
  -0.0117799  -0.00343537   0.00413222   -0.0166489 -0.000798264   -0.0121575    0.0201316   0.00179806  0.000264921   0.00030676  -0.00580492  -0.00124397    0.0166482   0.00255952 -0.000548632  -0.00205069   0.00272455  -0.00109229  -0.00546407  -0.00407103   0.00340608    0.0201057   0.00765606    0.0273414    0.0064628   0.00433008   0.00177365  -0.00329391 -0.000550232  -0.00243814   -0.0171697   0.00473784   -0.0333322  -0.00754998  -0.00706028  -0.00538443 -5.96448e-05 -0.000989079    0.0101269   0.00268352    0.0109168  -0.00921743   -0.0138761  -0.00459636   0.00926981  -0.00331418    0.0101436  -0.00885529    -0.013876   0.00970931   0.00227514    0.0054151   -0.0360312     0.018814 -0.000238364    0.0319934    -0.013701  -0.00723404  -0.00255588    0.0041593  -0.00133136   0.00497888  -0.00197677
 -0.00340292  0.000468549   0.00246569  0.000555394  -0.00263932 -0.000833339    0.0107325    0.0021497  0.000116346  -0.00263468  -0.00545464  0.000202364  -0.00327038   0.00173171  -0.00057999  -0.00768107   0.00599366 -0.000581979   0.00430191   0.00456363  -0.00415265  0.000403069  -0.00765656    0.0064628    0.0131265   0.00322189 -5.61978e-05  -0.00298017   -0.0096017    0.0046988   -0.0027461   0.00946759   -0.0086916 -1.48812e-05  -0.00737539   0.00521195   0.00125476    0.0384244    0.0197194   0.00286622   -0.0161687   -0.0117355   -0.0061056  -0.00829611   0.00278124  -0.00675154    0.0271841   0.00787904   -0.0111885   0.00397703   -0.0146364  -0.00895107  -0.00910213  -0.00627269   -0.0021381  -0.00426756   0.00964195   -0.0192536 -0.000754337  0.000244697    -0.010445    0.0016941   -0.0027513
 -0.00642002  -0.00361723  0.000120097   0.00115323  -0.00111466 -0.000755593   0.00687167   0.00450948 -0.000252083  -0.00068548  -0.00457771  0.000103173    0.0014125 -8.12721e-05 -0.000736823  -0.00101398   0.00708347 -0.000130073  -0.00151694  0.000929949 -0.000972635 -0.000201687  -0.00234873   0.00433008   0.00322189   0.00629382 -0.000492883   0.00013842  -0.00540061   0.00536869  -0.00238052   0.00616825  -0.00413052  -0.00319931  -0.00732689   0.00860473 -0.000410377    0.0304986   0.00982936   0.00364138  -0.00364212  -0.00231863  -0.00022292  -0.00935127  0.000634358  0.000715001    0.0193849  0.000820761  -0.00879867    0.0180199   -0.0143379  -0.00513516   -0.0207856   0.00404766  -0.00366979   0.00510224   0.00102245   -0.0112366   -0.0013718  0.000386165  -0.00244179    0.0032156  -0.00486003
 -0.00918693 -0.000498157   0.00189792  -0.00993609  0.000862439  -0.00255075   0.00946571 -0.000440681   0.00149442   0.00760361 -0.000306048  -0.00172382   0.00789674  0.000556888  0.000932066  0.000229458  -0.00182727  0.000568614  -0.00179487  -0.00257272   0.00069924  -0.00331674   0.00201218   0.00177365 -5.61978e-05 -0.000492883   0.00344168  -0.00101711   0.00310205  -0.00202753  -0.00109441  -0.00132279  -0.00566528  -0.00222296   0.00333936  -0.00517224  8.22932e-05   -0.0169903  0.000394127  4.61269e-05    0.0101694  -0.00181936  -0.00852251   0.00150846   0.00273058  -0.00357324   -0.0057343   0.00131654  -0.00202145  -0.00473377   0.00264694   0.00313567  -0.00124759   0.00250085  0.000750535   0.00762945  -0.00380073   0.00245216 -0.000636619   0.00181131  -0.00082009   0.00103371 -0.000289959
  0.00105593    0.0019613  -0.00414083    0.0070081  -0.00577219   -0.0053125  -0.00683799   0.00184171  -0.00322394   -0.0268096   0.00577075  0.000875956  0.000176069  -0.00450312  0.000507465   0.00256951 -0.000169175   0.00269672     -0.04391    0.0115138    0.0187121   0.00596674   0.00140895  -0.00329391  -0.00298017   0.00013842  -0.00101711    0.0361729   -0.0019499  -0.00956422   0.00535421  -0.00411122    0.0288148     0.010897   0.00246417   0.00589957  -0.00215736   0.00341215   0.00339982 -1.69835e-05  -0.00296188   -0.0026994   0.00130748  -0.00114992  -0.00467462  -0.00428336  -0.00114873    0.0238233  -0.00797346   0.00249743   -0.0260878  -0.00988579     0.028556   -0.0124347   -0.0023096   -0.0264833    0.0131067   0.00775641   0.00114446  -0.00130495   0.00548827  -0.00294301   -0.0013668
 -0.00927634  -0.00444613   0.00214632   -0.0178142   0.00709032  -0.00188104   0.00468264  -0.00433632   0.00129615    0.0191095   0.00404105  -0.00309369    0.0197551  -0.00222796   0.00140429    0.0102467   -0.0103962  -0.00127795   -0.0133862   -0.0200787     0.012845   -0.0127433     0.018696 -0.000550232   -0.0096017  -0.00540061   0.00310205   -0.0019499     0.029456   -0.0224086   0.00575762   -0.0188114  -0.00646026   0.00233871    0.0170107   -0.0176445 -0.000774445   -0.0760652   -0.0260917  -0.00109706    0.0355762    0.0109835   -0.0137075    0.0114384   0.00146966    0.0129046   -0.0333364   -0.0410153    0.0206602   -0.0193547    0.0548404     0.024104   -0.0196125    0.0300843    0.0200534    0.0520845   -0.0340656      0.02443  0.000621613 -0.000461413   0.00747493   0.00148859   0.00642862
-0.000809899 -0.000200372  -0.00224568    0.0153955  -0.00253676    0.0082557  0.000557332   0.00500582 -0.000790837  -0.00533455  -0.00221125   0.00109094   -0.0107829 -0.000423653 -0.000545067  -0.00584813    0.0075269  -0.00046778    0.0303622    0.0123884   -0.0222029   0.00562986   -0.0165992  -0.00243814    0.0046988   0.00536869  -0.00202753  -0.00956422   -0.0224086    0.0366369  -0.00671294    0.0160902  -0.00501735  -0.00423438   -0.0180344    0.0137446  -0.00111171    0.0537147    0.0154278   -0.0028112   -0.0174623  -0.00514015    0.0145317  -0.00888931   0.00156273   -0.0107223    0.0126606    0.0278548   -0.0165833    0.0313851   -0.0445959   -0.0201138   -0.0167086  -0.00630215   -0.0212207  -0.00828145    0.0140379   -0.0202185  -0.00129579   0.00170955  -0.00936259   0.00181464  -0.00374761
    0.012797   0.00380867  -0.00278124    0.0242111   0.00157142    0.0114723   -0.0191556   0.00120334  0.000282074     -0.01945   0.00856208   0.00523661   -0.0304969  -0.00126177  -0.00321311   0.00482495  -0.00122324   0.00216707  -0.00301066  0.000630341   0.00349303   -0.0259364  -0.00410754   -0.0171697   -0.0027461  -0.00238052  -0.00109441   0.00535421   0.00575762  -0.00671294    0.0262075  -0.00348096    0.0250717    0.0100975   0.00753163   0.00700532   0.00237645   0.00796865    -0.010443    0.0019591  -0.00893005    0.0139557    0.0136917  3.39308e-05  -0.00968274    0.0114234    0.0011824    -0.017641    0.0199519  -0.00703489    0.0204033  0.000119915   0.00347737  -0.00570545   0.00668408  -0.00286917   0.00272154 -0.000699562   0.00213935  -0.00658804  -0.00431971  -0.00252695   0.00161913
 -0.00687589  -0.00269273  -0.00395345   0.00457996  -0.00158659   0.00442553    0.0101939   0.00559086 -0.000523848  -0.00656355  -0.00359559  0.000737357  -0.00660799   0.00283553  -0.00137434   -0.0072003   0.00995209   0.00035612   0.00953303    0.0109516  -0.00751914   0.00440923   -0.0144373   0.00473784   0.00946759   0.00616825  -0.00132279  -0.00411122   -0.0188114    0.0160902  -0.00348096    0.0206544  -0.00668907  -0.00914877   -0.0169069    0.0129674   0.00247275    0.0616296    0.0183685   0.00552352   -0.0212148  -0.00297162    0.0078476   -0.0141592   0.00258049  -0.00430927    0.0332053    0.0129738  -0.00900065     0.017592   -0.0245784   -0.0198027   -0.0148764   -0.0131665   -0.0106887   -0.0173823    0.0191354   -0.0294257 -0.000488538 -0.000955674    -0.014744   0.00114901  -0.00543212
   0.0501937   0.00998261   -0.0134949    0.0563886  -0.00616522    0.0122194   -0.0586969  0.000875048  -0.00353607   -0.0495703    0.0116931   0.00968915   -0.0480599  -0.00448567  -0.00216225   0.00637203   0.00225596    0.0102653   -0.0177774    0.0169988   0.00947415   0.00111547  -0.00584164   -0.0333322   -0.0086916  -0.00413052  -0.00566528    0.0288148  -0.00646026  -0.00501735    0.0250717  -0.00668907    0.0824325    0.0255978    0.0120638    0.0290964 -0.000397156    0.0473186  -0.00435306 -0.000989306   -0.0422884    0.0176789     0.039008 -0.000533307    -0.024992    0.0112851   0.00217026    0.0287285    0.0267562  -0.00512437   -0.0232248   -0.0135298    0.0703594   -0.0524453   0.00563402   -0.0778721    0.0462743  0.000507823 -0.000488813  -0.00784393   0.00572262  -0.00835011   0.00117645
    0.039894   0.00825899  -0.00648133    0.0352961  -0.00516286 -0.000311331   -0.0357138  -0.00118885 -0.000821927   -0.0257669   0.00193865   0.00383699   -0.0260944  -0.00184924  -0.00215402    0.0113992  -0.00562632   0.00393474  -0.00229079   0.00486032   0.00158852   0.00560332   0.00113332  -0.00754998 -1.48812e-05  -0.00319931  -0.00222296     0.010897   0.00233871  -0.00423438    0.0100975  -0.00914877    0.0255978    0.0563568   0.00735728   0.00108986  -0.00184434  -0.00920286   0.00637521  -0.00594494  -0.00792403   -0.0111052    0.0219663    0.0102624   -0.0057091  -0.00886758   -0.0245789    0.0192579   0.00160975  -0.00353826    -0.011075   0.00196402    0.0328287   -0.0192318  0.000603931   -0.0239018    0.0142156    0.0112566  0.000698322   -0.0140006   0.00526707  -0.00348353    0.0198676
-0.000643326   0.00329072   0.00306552   0.00643925   0.00179347  -0.00130255  -0.00845788  -0.00282823   0.00253181   0.00420416   0.00329175  -0.00197687   0.00426265   0.00166542  0.000239029     0.008415   -0.0120814  -0.00222449  -0.00943895   -0.0105265   0.00726295   -0.0115281    0.0127217  -0.00706028  -0.00737539  -0.00732689   0.00333936   0.00246417    0.0170107   -0.0180344   0.00753163   -0.0169069    0.0120638   0.00735728    0.0617837   -0.0262349  -0.00273644   -0.0768059   -0.0175055   0.00141643    0.0212493   0.00382115    -0.019635    0.0407064   -0.0099895  -0.00108716   -0.0353308   -0.0045413    0.0206694   -0.0449858    0.0402783     0.016409      0.03733 -0.000397926    0.0157415   0.00321091   -0.0085888    0.0276295  -0.00701783   0.00227423  0.000802391   0.00275526   0.00996755
   0.0202413 -8.95724e-05  -0.00311178    0.0331661  -0.00375503   0.00936137   -0.0198753   0.00903564   -0.0045997   -0.0320957   0.00390613   0.00909113   -0.0305464  -0.00439788  -0.00292681  -0.00588906    0.0216786    0.0111967  0.000344195    0.0133204  0.000166695   0.00816752  -0.00899617  -0.00538443   0.00521195   0.00860473  -0.00517224   0.00589957   -0.0176445    0.0137446   0.00700532    0.0129674    0.0290964   0.00108986   -0.0262349    0.0589196 -0.000857719     0.142988    0.0253951    0.0037193   -0.0601474     0.012391    0.0394341   -0.0394846   -0.0123493    0.0137754    0.0594309 -3.53226e-06    0.0061737    0.0500723   -0.0314771   -0.0258071   -0.0417454  -0.00565262  -0.00450602   -0.0111679    0.0190948   -0.0424221  0.000392337  -0.00372766   -0.0118209 -0.000359103   -0.0134006
 -0.00270943   0.00130333 -0.000287592  -0.00170518  0.000667279  0.000437454   0.00442201    0.0003451  0.000350516   0.00225209   0.00355121 -0.000947599 -0.000477083   -0.0010057   0.00067005   0.00640011  5.90768e-05    0.0011949   0.00202662  0.000422626  0.000420231 -2.21045e-05  0.000144849 -5.96448e-05   0.00125476 -0.000410377  8.22932e-05  -0.00215736 -0.000774445  -0.00111171   0.00237645   0.00247275 -0.000397156  -0.00184434  -0.00273644 -0.000857719    0.0110855  0.000519069    -0.010874   0.00790561   0.00193692    0.0118453 -0.000969845   -0.0020263 -0.000251698    0.0110675    0.0117653   -0.0171977     0.011728   -0.0090461    0.0191045   0.00744667   0.00351641   -0.0135446   0.00588023  -0.00117548    0.0116008   -0.0080223  -0.00146278  0.000250677  -0.00895505   0.00257288  -0.00215678
   0.0223752    -0.011584  -0.00630746    0.0645582  -0.00745625    0.0295733    -0.012679    0.0276943    -0.011995   -0.0663686   -0.0176436    0.0218823   -0.0762768  -0.00101779  -0.00779843   -0.0415303    0.0755153    0.0201374     0.020224    0.0437133   -0.0152488    0.0154442    -0.044892 -0.000989079    0.0384244    0.0304986   -0.0169903   0.00341215   -0.0760652    0.0537147   0.00796865    0.0616296    0.0473186  -0.00920286   -0.0768059     0.142988  0.000519069     0.495788     0.106979    0.0188078    -0.221319   0.00859358    0.0763433     -0.10732   -0.0294309    0.0298375     0.246767    0.0261854     -0.01001     0.127786    -0.124817   -0.0864553    -0.106603   -0.0352555   -0.0270969   -0.0620055    0.0760122    -0.155905  -0.00788475  -0.00805727   -0.0616865    0.0128238   -0.0479359
 0.000188502  0.000753663   0.00597067   0.00636797  -0.00911838  -0.00428552    0.0137009   0.00614277  -0.00140043   -0.0109053   -0.0172949   0.00282569   -0.0105264    0.0041441  -0.00139855   -0.0214851    0.0176375   0.00307219    0.0012644    0.0149566  -0.00926305   0.00217543   -0.0182115    0.0101269    0.0197194   0.00982936  0.000394127   0.00339982   -0.0260917    0.0154278    -0.010443    0.0183685  -0.00435306   0.00637521   -0.0175055    0.0253951    -0.010874     0.106979    0.0803388  -0.00345083   -0.0427635   -0.0501806  -0.00999593   -0.0293351   0.00302001   -0.0394701    0.0478552    0.0710717   -0.0522038    0.0397171   -0.0921834   -0.0289976   -0.0237069  -0.00413043    -0.015848   -0.0227022    0.0111718   -0.0306615  -0.00115701  -0.00551342  -0.00730359   0.00107962  -0.00547278
  -0.0163257  -0.00339385    0.0025091    -0.007805   0.00121527  9.68389e-05    0.0170592   0.00401779  1.33288e-05   0.00558537  -0.00237882  -0.00152669   0.00832148   0.00050107  0.000628241   0.00656537     0.006191 -0.000922645   -0.0059998  -0.00283443   0.00289988  -0.00579052   0.00174233   0.00268352   0.00286622   0.00364138  4.61269e-05 -1.69835e-05  -0.00109706   -0.0028112    0.0019591   0.00552352 -0.000989306  -0.00594494   0.00141643    0.0037193   0.00790561    0.0188078  -0.00345083    0.0159634     0.001546   0.00916331   -0.0101902  -0.00822589 -6.35547e-05    0.0121837    0.0288373   -0.0157866   0.00852498  -0.00377704    0.0119625   0.00502283   -0.0153741  -0.00758089    0.0163684   0.00397845    0.0112523  -0.00899108  -0.00493797   0.00211908  -0.00563827    0.0070951  -0.00560072
  -0.0392498  -0.00259733   0.00821136   -0.0455813   0.00341953   -0.0182382    0.0365348   -0.0038526   0.00572153     0.046148   0.00289776   -0.0136831    0.0561713   -0.0040092   0.00483505    0.0277913   -0.0254374   -0.0110248   -0.0187359   -0.0269967   0.00753347   -0.0185714    0.0234683    0.0109168   -0.0161687  -0.00364212    0.0101694  -0.00296188    0.0355762   -0.0174623  -0.00893005   -0.0212148   -0.0422884  -0.00792403    0.0212493   -0.0601474   0.00193692    -0.221319   -0.0427635     0.001546     0.140544  -0.00137681   -0.0484776    0.0273881      0.01989   -0.0100954   -0.0939094   -0.0275379  -0.00861599   -0.0187213     0.050873    0.0385253  -0.00989091    0.0368696    0.0133374    0.0743348   -0.0439553    0.0590312  0.000806538    0.0067265    0.0222787   0.00481718    0.0124469
  0.00686129  -0.00237541  -0.00814728   0.00838642   0.00698342    0.0101927   -0.0151082   0.00219063  -0.00162239   -0.0106729    0.0176867   0.00363941   -0.0100749  -0.00787653 -0.000421409     0.015297   0.00117142   0.00825198   0.00142799  -0.00526503   0.00952922   0.00220145    0.0092679  -0.00921743   -0.0117355  -0.00231863  -0.00181936   -0.0026994    0.0109835  -0.00514015    0.0139557  -0.00297162    0.0176789   -0.0111052   0.00382115     0.012391    0.0118453   0.00859358   -0.0501806   0.00916331  -0.00137681    0.0657097    0.0350298  -0.00464921   -0.0139166    0.0457547   0.00272762   -0.0694107    0.0624244  -0.00114099    0.0798148   0.00987896  -0.00426624  -0.00550103    0.0147602    0.0153765   0.00707229  -0.00750478   0.00118331   0.00544307   -0.0102367  0.000670883  -0.00885087
   0.0664751   0.00770012   -0.0189107    0.0605864  -0.00472003     0.015063   -0.0704915   0.00224804  -0.00543445   -0.0589901    0.0185367    0.0141972   -0.0605549  -0.00843447  -0.00535281 -0.000956347   0.00424847    0.0129434    0.0221104    0.0193691  -0.00202665    0.0280139   -0.0124906   -0.0138761   -0.0061056  -0.00022292  -0.00852251   0.00130748   -0.0137075    0.0145317    0.0136917    0.0078476     0.039008    0.0219663    -0.019635    0.0394341 -0.000969845    0.0763433  -0.00999593   -0.0101902   -0.0484776    0.0350298     0.104798  -0.00421434   -0.0189814    0.0162041   -0.0133232   -0.0111466    0.0307997    0.0458941   0.00394481   -0.0238234    0.0118113    -0.021945   -0.0218539    -0.035002    0.0247222    -0.026027     0.014869   -0.0114801  -0.00341341   -0.0184572   0.00525987
   0.0129375   0.00302596   -0.0079937   0.00652743   0.00161594  -0.00235779   -0.0206815  -0.00791339   0.00402426   0.00434833   0.00213799  -0.00366535   0.00487108   0.00462196 -0.000216575   0.00388304   -0.0205567   -0.0059832   0.00150094  -0.00322674   0.00168954   0.00206987   0.00578122  -0.00459636  -0.00829611  -0.00935127   0.00150846  -0.00114992    0.0114384  -0.00888931  3.39308e-05   -0.0141592 -0.000533307    0.0102624    0.0407064   -0.0394846   -0.0020263     -0.10732   -0.0293351  -0.00822589    0.0273881  -0.00464921  -0.00421434    0.0608197 -0.000437902  -0.00789409    -0.059463    0.0019213   0.00243538   -0.0414623    0.0223248    0.0156396    0.0551963  -0.00238126  -0.00673746   -0.0111827   -0.0101967    0.0338948   0.00337733  -0.00289864    0.0128161   -0.0070652    0.0198805
  -0.0233715  -0.00510058    0.0043399   -0.0286988   0.00284646  -0.00434552    0.0263957  -0.00175903  0.000167421     0.020986  -0.00875291  -0.00455519    0.0224729   0.00423907   0.00223639   -0.0027756  -0.00322494  -0.00466726  0.000740485  -0.00427625  -0.00322997  -0.00177051  0.000445054   0.00926981   0.00278124  0.000634358   0.00273058  -0.00467462   0.00146966   0.00156273  -0.00968274   0.00258049    -0.024992   -0.0057091   -0.0099895   -0.0123493 -0.000251698   -0.0294309   0.00302001 -6.35547e-05      0.01989   -0.0139166   -0.0189814 -0.000437902    0.0189407  -0.00964153  -0.00660994   0.00976552   -0.0165281  -0.00449155  -0.00885334   0.00189572   -0.0117506   0.00633275  -0.00227466    0.0159167  -0.00604886  0.000989263  -0.00151628   0.00299648  -0.00228935    0.0036302   0.00101435
 -0.00463798  -0.00713088  -0.00301629 -0.000886658   0.00891931   0.00871831   -0.0055504   0.00259212  -0.00206637   -0.0016274    0.0108071   0.00234423  0.000290314  -0.00588247  0.000336738    0.0109205   0.00642503   0.00305016  9.78964e-05   -0.0129055   0.00999875  0.000303521    0.0135616  -0.00331418  -0.00675154  0.000715001  -0.00357324  -0.00428336    0.0129046   -0.0107223    0.0114234  -0.00430927    0.0112851  -0.00886758  -0.00108716    0.0137754    0.0110675    0.0298375   -0.0394701    0.0121837   -0.0100954    0.0457547    0.0162041  -0.00789409  -0.00964153    0.0679296     0.034029   -0.0796345    0.0627119  -0.00387972    0.0674689    0.0350494   -0.0378844    -0.012941    0.0331337    0.0427771    0.0174727   -0.0289857  -0.00947674  -0.00417418   -0.0266496    0.0123737  -0.00498978
  -0.0413752   -0.0138174   0.00976091   -0.0075927    0.0018151   0.00810976    0.0433818    0.0165586  -0.00276356   0.00389208   -0.0186495   0.00301088   0.00186996     0.007066 -0.000403378   -0.0183216    0.0436175   0.00253842  -0.00117315   0.00926836  -0.00157762   -0.0122377   -0.0137065    0.0101436    0.0271841    0.0193849   -0.0057343  -0.00114873   -0.0333364    0.0126606    0.0011824    0.0332053   0.00217026   -0.0245789   -0.0353308    0.0594309    0.0117653     0.246767    0.0478552    0.0288373   -0.0939094   0.00272762   -0.0133232    -0.059463  -0.00660994     0.034029     0.191755  -0.00835435  -0.00682948    0.0363133   -0.0525114   -0.0225098   -0.0706382   -0.0217436    0.0126879  -0.00179375    0.0459241   -0.0903859   -0.0170736   0.00336913   -0.0410673    0.0266494   -0.0377905
  0.00802505    0.0149395   0.00895125   0.00258939   -0.0181995   -0.0153451  5.43819e-05  -0.00268405 -0.000777937   -0.0123444   -0.0238614  6.41558e-05   -0.0131262    0.0115839   0.00125771   -0.0230963  0.000475048 -0.000326094  0.000376509    0.0316897   -0.0230644    0.0117454   -0.0276393  -0.00885529   0.00787904  0.000820761   0.00131654    0.0238233   -0.0410153    0.0278548    -0.017641    0.0129738    0.0287285    0.0192579   -0.0045413 -3.53226e-06   -0.0171977    0.0261854    0.0710717   -0.0157866   -0.0275379   -0.0694107   -0.0111466    0.0019213   0.00976552   -0.0796345  -0.00835435     0.201351   -0.0836686   -0.0010567    -0.185182   -0.0347697    0.0819104   -0.0621139    -0.030525    -0.100811    0.0553108    0.0139132   -0.0104416    0.0161259    0.0237855  -0.00162419  -0.00809303
