63 63
   0.0383399   0.00531483  -0.00704218     0.030842 -0.000624155  0.000880356   -0.0311505 -0.000907672   0.00245685   -0.0200249   -0.0023878     0.002278    -0.014787   0.00820904   -0.0012427 -0.000347062  0.000642272    0.0031421  -0.00101847   0.00448755  -0.00177224  6.38315e-05  0.000734875   0.00424388  -0.00134308  0.000504312 -0.000554248 -0.000265068  -0.00566134   0.00206967  -0.00108984   0.00324836  -0.00626241  -0.00663059  -0.00328935   0.00832649  0.000113147    0.0173684  -0.00775965  -0.00329054   -0.0118927    0.0101915   0.00425294  -0.00196133  -0.00491869   0.00965704    0.0181829   -0.0036105   0.00250142  -0.00511566  -0.00652327   0.00834886    0.0018855  -0.00048668   0.00164575  -0.00750397   0.00121669    0.0197369  -0.00244981  -0.00276982    0.0181214  -0.00226184   0.00258565
  0.00531483   0.00648137   0.00113709  0.000549136    0.0021957 -0.000351239  -0.00168267  -0.00232804   0.00059254  -0.00375055   0.00519509  0.000391265  -0.00166668   0.00379735 -0.000715185  0.000251517    -0.002054  0.000643717 -0.000532452   0.00198565 -5.33517e-05   0.00155899   0.00417625  0.000953252 -0.000522546   -0.0016957  0.000141028  0.000217938  2.49775e-05  0.000100878 -0.000790904  -0.00312332   0.00103959   0.00179334 -0.000174364  0.000295709   0.00108359  -0.00148405 -1.68537e-05  -0.00116004   -0.0011054  -0.00203851  -0.00121541   0.00198887   -0.0010234  6.05942e-05   0.00158587  -0.00224285  -0.00128061   0.00113158    0.0013564   0.00467173   0.00850891  -0.00134698 -0.000959727   0.00211981  -0.00151287    0.0125601 -0.000948125   0.00233876  -0.00222484  0.000430767  -0.00303311
 -0.00704218   0.00113709   0.00769282  -0.00601051  0.000278362 -0.000625223   0.00671188 -0.000338778  -0.00252495   0.00247195   0.00380804 -0.000538519  0.000641182  -0.00211352   0.00055024   0.00108166 -0.000665706  -0.00179078  0.000909291 -0.000235348 -0.000278786   0.00176759   0.00265281   -0.0027799  3.04714e-05 -0.000786173 -0.000242062  0.000740617   0.00133903 -0.000297719   0.00053199  -0.00549937   0.00691812   0.00669895    0.0018459  -0.00250099   0.00183924  -0.00411422   0.00231421   0.00264541   0.00146798  -0.00446658 -0.000261099   0.00348629   0.00223279   -0.0020953  -0.00514896  0.000641836   0.00239079   0.00183606   0.00554269  -0.00140554   -0.0046166 -6.81507e-06   0.00431179    0.0100972  0.000926291  -0.00601501   -0.0022051   0.00197904   -0.0137891   0.00269839  0.000429882
    0.030842  0.000549136  -0.00601051    0.0368994  -0.00522066   0.00130901   -0.0291391   0.00318303  0.000437619   -0.0153714  -0.00952605   0.00176838   -0.0176862   0.00221487  -0.00106234 -0.000533062   0.00251069  0.000972886  0.000258867  0.000342897  -0.00230673  -0.00121877   -0.0040997   0.00145915  -0.00154468   0.00254866  -0.00102496  0.000196292  -0.00390827    0.0012669  -0.00041642   0.00406527  -0.00394066  -0.00542967 -0.000482425   0.00789585 -0.000872976    0.0170625  -0.00770017  -0.00167528  -0.00925983    0.0109854   0.00463325  -0.00141117   -0.0037018   0.00691721    0.0178666   0.00171142   0.00354645  -0.00602025  -0.00510455   0.00635417    0.0061171  0.000501319   0.00537929   -0.0127006   0.00442077    0.0208136  -0.00165093  -0.00533507    0.0158442  -0.00177237   0.00664963
-0.000624155    0.0021957  0.000278362  -0.00522066   0.00455956  0.000388265   0.00214804  -0.00219639  7.06152e-05  0.000584373   0.00468956 -0.000103735   0.00273295   0.00356604 -1.06351e-05  0.000948013  -0.00180546   0.00129986  -0.00100837   0.00180596  0.000477779   0.00058269   0.00305834   0.00125052  2.46324e-05  -0.00182476  0.000295894  9.67236e-06  0.000411262   0.00034842 -0.000184839 -0.000492357   -0.0008777  0.000372598  0.000491351 -0.000229167   0.00142226  -0.00232464 -0.000614735 -0.000361917 -0.000935699  0.000363376 -0.000579094   0.00011536 -0.000561722  0.000852472  -0.00101025  -0.00112225   0.00170156  0.000137668   0.00193015  -0.00020855  -0.00119992  -0.00183903  -0.00259623   0.00663045  -0.00110108 -0.000340201 -0.000501389 -0.000205675  -0.00614402  0.000435652 -0.000837035
 0.000880356 -0.000351239 -0.000625223   0.00130901  0.000388265   0.00457733 -0.000634936 -0.000102996  -0.00136426 -6.21529e-05  -0.00187702  0.000412022 -0.000998646   0.00171194  1.65871e-07  -0.00049426 -0.000279706  -0.00116595 -0.000528113 -0.000271532  0.000491631  -0.00114742  -0.00177004  0.000631224 -6.08914e-05 -0.000516973 -0.000807877  0.000794418  0.000132517  -0.00113435  0.000377086    0.0030056  -0.00307498  -0.00206277 -0.000538534 -3.34303e-05 -0.000141471  0.000772479  -0.00165376  -0.00168692 -0.000929271  0.000152638  -0.00108021  -0.00075812  2.38921e-05 -0.000928139   0.00358909   0.00178526 -0.000774235  -0.00194642  -0.00231636 -0.000210138   0.00648549 -0.000625798  0.000833323  -0.00201433  -0.00118293    0.0044567   0.00205564 -0.000354047   0.00669911 -0.000557757 -0.000580313
  -0.0311505  -0.00168267   0.00671188   -0.0291391   0.00214804 -0.000634936    0.0348529  -0.00045908  -0.00144792    0.0135648   0.00421076  -0.00182742    0.0112885   -0.0076307  0.000630337   0.00198593  -0.00156247    -0.002311   0.00106739  -0.00323434   0.00203464   0.00126137   0.00310358  -0.00511727  0.000615825  -0.00125225   0.00117392   0.00177691   0.00504854  -0.00320788   0.00182987  -0.00730554    0.0096858    0.0104097   0.00229546  -0.00862396   0.00210346   -0.0176431   0.00496163   0.00447938    0.0120221  -0.00775229  -0.00464219   0.00267545   0.00492404  -0.00733688   -0.0145498  0.000855085  0.000727254   0.00391516     0.012256  -0.00660433   0.00392693  -0.00114439  -0.00116381   0.00628239    0.0008429    -0.012898  0.000970195   0.00657137   -0.0207137   0.00383921  -0.00606332
-0.000907672  -0.00232804 -0.000338778   0.00318303  -0.00219639 -0.000102996  -0.00045908   0.00345532 -0.000535203  0.000241915  -0.00376653 -5.37205e-05   -0.0018436  -0.00327055  0.000111748  0.000307388    0.0014766 -0.000202604   0.00056371   -0.0017175 -0.000502464 -0.000387774  -0.00163521  -0.00109166  -0.00040777   0.00185289  0.000139401  0.000740959  3.07335e-05  0.000274954  4.09992e-05 -0.000181714   0.00106862 -0.000119711   0.00180424  0.000199632 -0.000777537  0.000566202  0.000206567   0.00101047   0.00229383   0.00189122  2.11925e-05 -0.000807029  0.000184011  0.000178952   0.00136895   0.00193426  0.000845809   0.00120614   0.00168732 -0.000197419  0.000363892  0.000959971   0.00295039  -0.00132048  0.000357263   0.00211656  0.000101669 -0.000122769   0.00228037  0.000282038   0.00122609
  0.00245685   0.00059254  -0.00252495  0.000437619  7.06152e-05  -0.00136426  -0.00144792 -0.000535203   0.00430917  -0.00202906 -1.03254e-05  0.000382466  8.01622e-05  0.000350341 -0.000211004 -0.000843782   0.00116484  0.000360644  5.86481e-05  0.000967352  -0.00051147 -4.03211e-05  0.000359674 -5.88647e-05  6.43259e-06  0.000840649  0.000489125 -0.000810601 -0.000980476    0.0012714  0.000103254    -0.001112  5.99767e-05  -0.00171008  -0.00342922   0.00169921 -0.000476051   0.00297909 -0.000861034  -0.00115191  0.000938886  -0.00172054  -0.00072689  0.000182673  -0.00108601   0.00297292   0.00316622  -0.00481926  -0.00513753   0.00314155   -0.0058586   0.00227688   0.00286738 -0.000107472  -0.00420687  -0.00700855   0.00122895  0.000794732 -0.000196746 -0.000962596     0.003917 -0.000764533  -0.00160548
  -0.0200249  -0.00375055   0.00247195   -0.0153714  0.000584373 -6.21529e-05    0.0135648  0.000241915  -0.00202906    0.0253563  0.000669906   -0.0021728    0.0188661  -0.00150118   0.00104601 -0.000131067 -0.000470399 -0.000816547  -0.00370297  -0.00251228   0.00328919  -0.00390794  -0.00327601  -0.00144028   0.00125474  -0.00114242 -0.000451192  -0.00249474   0.00598472  -0.00272985  -0.00218483   0.00465959  -0.00103027  1.20131e-06   0.00229458  -0.00130934 -0.000428562  -0.00826188   0.00228472 -0.000171916   0.00462525  -0.00170156   0.00130288  -0.00145722    0.0007449  -0.00820358   -0.0109598   0.00309266 -0.000972134   0.00331475   0.00249649   -0.0074467  0.000183086 -7.41965e-05  -0.00376602   0.00444749   -0.0019232   -0.0147887   0.00469869  -0.00128199  -0.00889378  -0.00112561  -0.00289789
  -0.0023878   0.00519509   0.00380804  -0.00952605   0.00468956  -0.00187702   0.00421076  -0.00376653 -1.03254e-05  0.000669906     0.016201 -0.000341609   0.00355125   0.00257072 -0.000106591   0.00237891  -0.00318436   0.00166849  0.000223588   0.00254163   0.00192097   0.00401375   0.00928041 -0.000508405 -0.000423983  -0.00281467  0.000783206 -0.000448983   0.00257119  -0.00145571 -0.000222329  -0.00566071   0.00631112   0.00451568    0.0010798 -0.000861238   0.00173379  -0.00940898   0.00128451  0.000896295   0.00284759  -0.00253107  0.000782827   0.00311185  0.000349156 -0.000840201   -0.0142573  -0.00669856   0.00183931   0.00889479   0.00740128  -0.00214096   -0.0167957   0.00233287  -0.00175289    0.0197528  -0.00492373   -0.0119927  -0.00324947   0.00234754   -0.0151581   0.00124885  -0.00238216
    0.002278  0.000391265 -0.000538519   0.00176838 -0.000103735  0.000412022  -0.00182742 -5.37205e-05  0.000382466   -0.0021728 -0.000341609   0.00167986   -0.0016651  7.88331e-05 -0.000192898 -0.000431588  0.000289489 -0.000157186  0.000284103  0.000133265 -0.000273246   0.00013216  9.09801e-05 -0.000208304 -0.000201884  0.000218822 -7.07027e-05 -4.19277e-05 -0.000364717  0.000285024  0.000347531 -0.000464224  0.000387309 -0.000402681  -0.00101524   0.00061886 -0.000260385   0.00109113 -0.000101623 -0.000664463  -1.3695e-05 -0.000608564  8.52413e-05 -0.000299712 -0.000362977  0.000861397  0.000833367  -0.00101053  -0.00128596   0.00110213  -0.00119431   0.00199705   0.00032523   0.00051644 -0.000505896 -0.000471516 -0.000630266    0.0022238 -0.000239834   0.00021126   0.00108678  0.000140946 -0.000672508
   -0.014787  -0.00166668  0.000641182   -0.0176862   0.00273295 -0.000998646    0.0112885   -0.0018436  8.01622e-05    0.0188661   0.00355125   -0.0016651    0.0231245  0.000161337   0.00111219 -0.000225439 -0.000703838  0.000899454  -0.00365281 -0.000527546   0.00334054  -0.00435882 -0.000583061  -0.00115648   0.00114401  -0.00162546 -9.22925e-06  -0.00295689   0.00404713  -0.00190449  -0.00210759   0.00295461 -0.000817583  -0.00137066 -0.000580655 -0.000826854  0.000180076  -0.00600119   0.00137816 -0.000710197   0.00288539 -0.000798113    0.0012802  -0.00276391 -0.000447892  -0.00462353  -0.00993701  -0.00235295  -0.00160217   0.00424633   0.00170374   -0.0050127  -0.00723681   0.00120795  -0.00588116   0.00923389  -0.00520946   -0.0180599    0.0036994   0.00104724   -0.0068554 -0.000660133  -0.00560072
  0.00820904   0.00379735  -0.00211352   0.00221487   0.00356604   0.00171194   -0.0076307  -0.00327055  0.000350341  -0.00150118   0.00257072  7.88331e-05  0.000161337    0.0147221 -0.000523003 -0.000234852  -0.00302466   0.00107936   -0.0022779   0.00561145 -0.000494347 -0.000559195  -0.00235254   0.00828286   0.00169809  -0.00272093 -0.000682548 -0.000491574  -0.00222904   0.00179614  -0.00239409    0.0107005   -0.0144885  -0.00469147 -0.000135582  0.000228674  -0.00163281  0.000587133    0.0026211  -0.00488332  -0.00591442  -0.00303793 -0.000179313   0.00049627  -0.00135016  -0.00313854   0.00675123   0.00841117  -0.00279901  -0.00830347    -0.013638  -0.00358867    0.0139324  -0.00817085  -0.00371751  -0.00789797    0.0033316   0.00867185   0.00365761  -0.00219066    0.0150072  -0.00431624    0.0010479
  -0.0012427 -0.000715185   0.00055024  -0.00106234 -1.06351e-05  1.65871e-07  0.000630337  0.000111748 -0.000211004   0.00104601 -0.000106591 -0.000192898   0.00111219 -0.000523003   0.00177592    0.0003105  0.000219329  0.000100043  0.000114179  9.15504e-05 -0.000301217 -0.000366598 -0.000380591 -0.000655958  0.000217145  5.21883e-05 -3.21111e-05  0.000110552 -5.59182e-05  0.000427721  0.000663316  0.000396573  0.000740072  0.000411591  0.000515916  0.000225339  8.37038e-05  0.000526299 -0.000554278  0.000126408 -0.000255178  0.000776896  0.000923044 -4.79374e-05 -0.000152672  0.000312571 -9.21525e-06  0.000846726  0.000311271  0.000599535  -0.00128345  -0.00241338  -0.00173948  -0.00106718 -0.000879834   0.00182337   0.00076534  -0.00452028  0.000129709  -0.00114822  -0.00203122  0.000226494   0.00101838
-0.000347062  0.000251517   0.00108166 -0.000533062  0.000948013  -0.00049426   0.00198593  0.000307388 -0.000843782 -0.000131067   0.00237891 -0.000431588 -0.000225439 -0.000234852    0.0003105   0.00722445  -0.00137489    0.0011493  0.000825102 -0.000880075 -0.000331971   0.00125012   0.00233817  0.000150734 -0.000864225 -0.000394515  0.000431028  0.000566062   0.00176595  0.000475945  0.000103381 -0.000377682  0.000547628   0.00486441   0.00322695 -0.000875303   0.00204525  -0.00771342  -0.00210846    0.0028499   0.00485233   0.00288907  0.000106978   0.00079944  0.000392523   0.00246289  -0.00449217  -0.00098542   0.00402343   0.00129437   0.00527769  0.000920644  -0.00687046  -0.00233749   0.00228438   0.00814364   0.00100668  0.000659317 -0.000590873  -0.00129115  -0.00307934   0.00024508   0.00300584
 0.000642272    -0.002054 -0.000665706   0.00251069  -0.00180546 -0.000279706  -0.00156247    0.0014766   0.00116484 -0.000470399  -0.00318436  0.000289489 -0.000703838  -0.00302466  0.000219329  -0.00137489   0.00533165  -0.00202932  0.000234203 -0.000453086 -6.61464e-05 -0.000367065   -0.0015062  -0.00268237  0.000191925   0.00246737 -0.000537467 -0.000775424  0.000150863  0.000718316  0.000182932  -0.00235965   0.00366907 -0.000135592  -0.00402556   0.00251329  0.000585058   0.00980721  -0.00322425  0.000718153 -0.000480164  3.88159e-06   0.00127933  -0.00027857 -0.000601176   0.00499538   0.00659239  -0.00553492  -0.00137356    0.0040654  -0.00275521   0.00249955  -0.00337098   0.00137766  0.000855113  -0.00419105    0.0045342   -0.0041424 -0.000283174  -0.00196995 -1.01354e-05  0.000221382  0.000828895
   0.0031421  0.000643717  -0.00179078  0.000972886   0.00129986  -0.00116595    -0.002311 -0.000202604  0.000360644 -0.000816547   0.00166849 -0.000157186  0.000899454   0.00107936  0.000100043    0.0011493  -0.00202932   0.00630594 -0.000762391   0.00139234 -7.10643e-05 -1.87148e-05   0.00195861   0.00117829 -0.000204056 -0.000636957   0.00179706  0.000797542  -0.00205835  0.000530275 -0.000429936  0.000326563 -0.000761811   -0.0013145   0.00417679   0.00112475  0.000240913 -0.000330713   0.00127906   0.00122759  -0.00354539   0.00797509   0.00100453   -0.0027764 -0.000641334 -0.000497555 -0.000878148   0.00344579   0.00440451   -0.0037499   0.00652385 -0.000891314  -0.00668295   0.00144107  -0.00194995   0.00259525  -0.00472029  0.000312604 -0.000962164   0.00102409  -0.00133891 -0.000180851 -0.000219546
 -0.00101847 -0.000532452  0.000909291  0.000258867  -0.00100837 -0.000528113   0.00106739   0.00056371  5.86481e-05  -0.00370297  0.000223588  0.000284103  -0.00365281   -0.0022779  0.000114179  0.000825102  0.000234203 -0.000762391   0.00450117  -0.00135961   -0.0012378   0.00184266  0.000253884  -0.00084338 -0.000103749  0.000439185  8.93358e-05  -0.00040444   0.00097173   8.9381e-05  0.000646048 -0.000574022   0.00196454   0.00218795   0.00125267  -0.00095338 -0.000916326  -0.00240752  0.000892917   0.00101289     0.001877 -0.000982792  0.000455438    0.0014414  0.000900913  -0.00151512  -0.00421985  0.000729461   0.00139027  0.000951305   0.00157666  -0.00265003  -0.00367642   0.00205489   0.00364578    0.0029483  0.000604304  -0.00139155 -0.000571214  0.000147839 -0.000442003  0.000486169   0.00135406
  0.00448755   0.00198565 -0.000235348  0.000342897   0.00180596 -0.000271532  -0.00323434   -0.0017175  0.000967352  -0.00251228   0.00254163  0.000133265 -0.000527546   0.00561145  9.15504e-05 -0.000880075 -0.000453086   0.00139234  -0.00135961   0.00757163  -0.00157752  0.000465123  -0.00042487    0.0026963   0.00149818 -0.000472288  0.000552632  0.000711723  -0.00513941   0.00354536  -0.00048021  0.000786235  -0.00338001 -0.000342364  -0.00255388 -1.70433e-05  0.000456439   0.00617103   0.00455613 -0.000737241    -0.006038  -0.00385592 -0.000955974  0.000287189   0.00079258   0.00180427    0.0082176   0.00455329 -0.000924431  -0.00565297  -0.00762635  -0.00397033 -0.000511643  -0.00545145  -0.00387863  -0.00472047   0.00581239  -0.00907958  -0.00110855  -0.00246216  -0.00425541  -0.00130103    0.0042608
 -0.00177224 -5.33517e-05 -0.000278786  -0.00230673  0.000477779  0.000491631   0.00203464 -0.000502464  -0.00051147   0.00328919   0.00192097 -0.000273246   0.00334054 -0.000494347 -0.000301217 -0.000331971 -6.61464e-05 -7.10643e-05   -0.0012378  -0.00157752   0.00698594 -0.000391675   0.00181289  -0.00374102 -0.000206825 -0.000935971  -0.00040969  0.000133937   0.00343421  -0.00771599  0.000856974  -0.00103192   0.00652254   0.00284403  -0.00190507  0.000710539  0.000248266  -0.00206514  -0.00328372  0.000858944  0.000588735   0.00338637   0.00248036 -0.000323831  0.000178953  -0.00298464  -0.00807354  -0.00308821   0.00230893   0.00229488   0.00450178   0.00208272  -0.00257685   0.00344964   0.00448413   0.00107819  -0.00229794  -0.00189996   0.00237612   0.00266853   0.00282826 -0.000321677  -0.00367523
 6.38315e-05   0.00155899   0.00176759  -0.00121877   0.00058269  -0.00114742   0.00126137 -0.000387774 -4.03211e-05  -0.00390794   0.00401375   0.00013216  -0.00435882 -0.000559195 -0.000366598   0.00125012 -0.000367065 -1.87148e-05   0.00184266  0.000465123 -0.000391675   0.00564475   0.00391767  0.000341952 -0.000245556  2.45227e-05  0.000612333  0.000220333  0.000821576  0.000227095  -0.00046963  -0.00389504   0.00350291   0.00375866  0.000894588 -0.000559122 -9.14008e-06  -0.00305825   0.00238277   0.00136291   0.00225181  -0.00253878  -0.00111758   0.00208368   0.00143706  3.06271e-05  -0.00522971  -0.00163485   0.00157259   0.00374724   0.00512268  9.20602e-05  -0.00537941   0.00220768   0.00336332  0.000981813   0.00144108  0.000705253  -0.00205163    0.0011656  -0.00383699 -0.000503914   0.00161461
 0.000734875   0.00417625   0.00265281   -0.0040997   0.00305834  -0.00177004   0.00310358  -0.00163521  0.000359674  -0.00327601   0.00928041  9.09801e-05 -0.000583061  -0.00235254 -0.000380591   0.00233817   -0.0015062   0.00195861  0.000253884  -0.00042487   0.00181289   0.00391767    0.0137948  -0.00372876  -0.00200379 -0.000911254   0.00124459  0.000569345   0.00111172  -0.00195831    0.0004158   -0.0141074    0.0125783   0.00594882  0.000614058 -0.000660788   0.00336673  -0.00368461  -0.00295886   0.00333564   0.00190611   0.00276183  -0.00268204   0.00190537 -2.67743e-05   0.00530163  -0.00761301   -0.0146495   0.00401575   0.00870828    0.0181926   0.00819753   -0.0128543   0.00712084   0.00257658    0.0146009   -0.0082534  0.000762206  -0.00454183   0.00551028   -0.0144697    0.0023022  -0.00326755
  0.00424388  0.000953252   -0.0027799   0.00145915   0.00125052  0.000631224  -0.00511727  -0.00109166 -5.88647e-05  -0.00144028 -0.000508405 -0.000208304  -0.00115648   0.00828286 -0.000655958  0.000150734  -0.00268237   0.00117829  -0.00084338    0.0026963  -0.00374102  0.000341952  -0.00372876    0.0138029   0.00127023  -0.00116966 -8.68082e-06  -0.00178929  -0.00275407   0.00616952  -0.00452659    0.0115673   -0.0223983  -0.00899054   0.00330721  -0.00269248   -0.0026926  -0.00219846   0.00515658  -0.00321553  -0.00385556  -0.00194669  -0.00318041  -0.00136878 -0.000191069   -0.0015704   0.00557037   0.00726845 -0.000438212   -0.0138031  -0.00614736 -0.000847076   0.00321855   -0.0021487   -0.0020692   -0.0044094  -0.00203524    0.0146852   0.00205884 -0.000341392    0.0217583  -0.00360981   0.00151746
 -0.00134308 -0.000522546  3.04714e-05  -0.00154468  2.46324e-05 -6.08914e-05  0.000615825  -0.00040777  6.43259e-06   0.00125474 -0.000423983 -0.000201884   0.00114401   0.00169809  0.000217145 -0.000864225  0.000191925 -0.000204056 -0.000103749   0.00149818 -0.000206825 -0.000245556  -0.00200379   0.00127023   0.00304051 -0.000398207 -0.000220483  -0.00107703  -0.00075277   0.00108385 -0.000826749   0.00243708  -0.00270301   0.00195345 -3.31781e-06 -0.000448764 -2.41538e-05   0.00413832    0.0017739  -0.00034093  -0.00457617  -0.00169393   0.00235531   0.00105718  0.000119767 -0.000574194   0.00216932  0.000597889   0.00112897  -0.00340948  -0.00170445  -0.00241582 -0.000221356  -0.00232488  0.000201367 -8.27762e-05   0.00211853  -0.00638468   0.00174083  0.000599864   0.00085544  -0.00114576 -0.000230613
 0.000504312   -0.0016957 -0.000786173   0.00254866  -0.00182476 -0.000516973  -0.00125225   0.00185289  0.000840649  -0.00114242  -0.00281467  0.000218822  -0.00162546  -0.00272093  5.21883e-05 -0.000394515   0.00246737 -0.000636957  0.000439185 -0.000472288 -0.000935971  2.45227e-05 -0.000911254  -0.00116966 -0.000398207   0.00349722  0.000185627  0.000514714 -0.000799041   0.00128364  7.11728e-05   -0.0015318   0.00174985 -0.000889351  -0.00103848  0.000944096  -0.00114479   0.00255492   0.00105243  0.000116093   0.00346099  -0.00109774   -0.0004658 -0.000960454 -2.88357e-05    0.0020144   0.00273307 -0.000489008  -0.00294849   0.00482622  -0.00247229  0.000681228  -0.00150454   0.00179907  0.000893212  -0.00475939   0.00142283  4.55434e-05 -0.000755668 -0.000306964   0.00355505 -8.64501e-05  0.000702801
-0.000554248  0.000141028 -0.000242062  -0.00102496  0.000295894 -0.000807877   0.00117392  0.000139401  0.000489125 -0.000451192  0.000783206 -7.07027e-05 -9.22925e-06 -0.000682548 -3.21111e-05  0.000431028 -0.000537467   0.00179706  8.93358e-05  0.000552632  -0.00040969  0.000612333   0.00124459 -8.68082e-06 -0.000220483  0.000185627   0.00217866  0.000467711  -0.00071463  0.000712881 -0.000295895  -0.00157157   0.00101165  1.41617e-05   0.00222395 -7.46248e-05   -0.0002015  -0.00141748   0.00219209    0.0010066  0.000291395   0.00082752  -0.00149995  0.000672344   0.00061256 -0.000610164  -0.00122059   0.00127316   0.00125288 -0.000397967   0.00351695  -0.00164865  -0.00347788   0.00141663 -0.000672161  0.000796314  -0.00092323  -0.00109674 -0.000885242   0.00117413  -0.00339641  0.000187707  0.000330442
-0.000265068  0.000217938  0.000740617  0.000196292  9.67236e-06  0.000794418   0.00177691  0.000740959 -0.000810601  -0.00249474 -0.000448983 -4.19277e-05  -0.00295689 -0.000491574  0.000110552  0.000566062 -0.000775424  0.000797542  -0.00040444  0.000711723  0.000133937  0.000220333  0.000569345  -0.00178929  -0.00107703  0.000514714  0.000467711   0.00591355  -0.00258103  -0.00163714   0.00254309  -0.00151417   0.00377452  0.000159191  0.000507677 -0.000778251 -0.000203506   -0.0037801   0.00108048 -0.000378174   0.00415036  0.000283134  -0.00222373  -0.00133625  0.000620031  -0.00138491   0.00190661   0.00638438  -0.00385888   0.00348165   -0.0047765  -0.00393744   0.00971722  -0.00404831  -0.00265938  -0.00530467  0.000614049  -0.00212466 -0.000718043  -0.00036068   -0.0025328   0.00131544  0.000752215
 -0.00566134  2.49775e-05   0.00133903  -0.00390827  0.000411262  0.000132517   0.00504854  3.07335e-05 -0.000980476   0.00598472   0.00257119 -0.000364717   0.00404713  -0.00222904 -5.59182e-05   0.00176595  0.000150863  -0.00205835   0.00097173  -0.00513941   0.00343421  0.000821576   0.00111172  -0.00275407  -0.00075277 -0.000799041  -0.00071463  -0.00258103    0.0123461  -0.00495974  -0.00124989   0.00169781   0.00479042   0.00381168   0.00541192   0.00192179  -0.00173186  -0.00952422  -0.00176639  -0.00100395   0.00761996 -0.000633906    0.0030101   0.00384388  -0.00165714  -0.00760883   -0.0146594  0.000241645   0.00369577     0.011884   0.00738387  -0.00367852  -0.00555037   0.00705091   0.00684632    0.0185379  -0.00256952   0.00740962   0.00260404   0.00134719  -0.00326051  0.000878095  -0.00480776
  0.00206967  0.000100878 -0.000297719    0.0012669   0.00034842  -0.00113435  -0.00320788  0.000274954    0.0012714  -0.00272985  -0.00145571  0.000285024  -0.00190449   0.00179614  0.000427721  0.000475945  0.000718316  0.000530275   8.9381e-05   0.00354536  -0.00771599  0.000227095  -0.00195831   0.00616952   0.00108385   0.00128364  0.000712881  -0.00163714  -0.00495974    0.0140162  -0.00265061  0.000388971   -0.0109241  -0.00345134  0.000936565 -0.000109037   0.00141447   0.00673244   0.00371396 -0.000610869  -0.00299513  -0.00506784  -0.00289271  0.000589746 -0.000458817   0.00886374    0.0143661  -0.00246689  -0.00125867  -0.00318349  -0.00280274   0.00172596 -0.000916698  -0.00656564  -0.00670698   0.00275841   0.00325546  0.000829026   -0.0022025   -0.0038451  -0.00470076 -0.000514587   0.00527533
 -0.00108984 -0.000790904   0.00053199  -0.00041642 -0.000184839  0.000377086   0.00182987  4.09992e-05  0.000103254  -0.00218483 -0.000222329  0.000347531  -0.00210759  -0.00239409  0.000663316  0.000103381  0.000182932 -0.000429936  0.000646048  -0.00048021  0.000856974  -0.00046963    0.0004158  -0.00452659 -0.000826749  7.11728e-05 -0.000295895   0.00254309  -0.00124989  -0.00265061    0.0063118  -0.00222471   0.00767862   0.00233061  -0.00349842  0.000340278  0.000185303  -0.00231582   -0.0028123 -0.000257831    0.0033459  0.000842372   0.00280476  -0.00182924  1.08132e-05   0.00162775  -0.00341638      0.00188  -0.00425279   0.00394424  -0.00750099  -0.00054689  -0.00108632  -0.00261109  -0.00662293  -0.00398204     0.002117  -0.00821557  -0.00190634  -0.00205716  -0.00818389   0.00191199   0.00163896
  0.00324836  -0.00312332  -0.00549937   0.00406527 -0.000492357    0.0030056  -0.00730554 -0.000181714    -0.001112   0.00465959  -0.00566071 -0.000464224   0.00295461    0.0107005  0.000396573 -0.000377682  -0.00235965  0.000326563 -0.000574022  0.000786235  -0.00103192  -0.00389504   -0.0141074    0.0115673   0.00243708   -0.0015318  -0.00157157  -0.00151417   0.00169781  0.000388971  -0.00222471    0.0303931   -0.0267767   -0.0122712    0.0067154 -0.000114073   -0.0076611  -0.00875293   0.00383842  -0.00693406   0.00102859   0.00303275   0.00751866  -0.00372235  -0.00221862   -0.0142535  -0.00396922    0.0240537  -0.00172762  -0.00984748   -0.0206437   -0.0208817    0.0161742  -0.00905495  -0.00388924   -0.0156214   0.00726781   0.00226394   0.00982374  -0.00430872    0.0298574  -0.00624061   0.00131508
 -0.00626241   0.00103959   0.00691812  -0.00394066   -0.0008777  -0.00307498    0.0096858   0.00106862  5.99767e-05  -0.00103027   0.00631112  0.000387309 -0.000817583   -0.0144885  0.000740072  0.000547628   0.00366907 -0.000761811   0.00196454  -0.00338001   0.00652254   0.00350291    0.0125783   -0.0223983  -0.00270301   0.00174985   0.00101165   0.00377452   0.00479042   -0.0109241   0.00767862   -0.0267767    0.0464158    0.0198055  -0.00360273   0.00412467   0.00450787   0.00108724  -0.00495689   0.00669625   0.00731885  0.000957493   0.00399169   0.00472359  0.000749004   0.00310828   -0.0158085   -0.0124241   0.00226162    0.0276941    0.0156614   0.00498136    -0.017144   0.00770668   0.00574774    0.0144307   0.00170508   -0.0233887  -0.00841759   0.00382093   -0.0462584   0.00729228  -0.00242558
 -0.00663059   0.00179334   0.00669895  -0.00542967  0.000372598  -0.00206277    0.0104097 -0.000119711  -0.00171008  1.20131e-06   0.00451568 -0.000402681  -0.00137066  -0.00469147  0.000411591   0.00486441 -0.000135592   -0.0013145   0.00218795 -0.000342364   0.00284403   0.00375866   0.00594882  -0.00899054   0.00195345 -0.000889351  1.41617e-05  0.000159191   0.00381168  -0.00345134   0.00233061   -0.0122712    0.0198055    0.0316529   0.00113092  -0.00126477   0.00444931  -0.00323045   0.00313184   0.00535168   0.00126342  -0.00763517    0.0107791   0.00851852   0.00198556  0.000790291   -0.0108679  -0.00477589   0.00694109   0.00879768    0.0124868    0.0020266  -0.00870837  -0.00337827   0.00770642    0.0200823   0.00596028   -0.0144975   -0.0016582   0.00332033   -0.0332049   0.00364451    0.0015004
 -0.00328935 -0.000174364    0.0018459 -0.000482425  0.000491351 -0.000538534   0.00229546   0.00180424  -0.00342922   0.00229458    0.0010798  -0.00101524 -0.000580655 -0.000135582  0.000515916   0.00322695  -0.00402556   0.00417679   0.00125267  -0.00255388  -0.00190507  0.000894588  0.000614058   0.00330721 -3.31781e-06  -0.00103848   0.00222395  0.000507677   0.00541192  0.000936565  -0.00349842    0.0067154  -0.00360273   0.00113092    0.0429287  -0.00462732  -0.00358333   -0.0148027   0.00657324   0.00367214 -0.000795862    0.0103409   0.00174981    0.0217228  -0.00740753   -0.0137364   -0.0110009    0.0205995    0.0162605  -0.00030525    0.0199014   -0.0148028  0.000321327  0.000830488    0.0107193    0.0211507  -0.00271405    0.0109487  -0.00159602   0.00277061   -0.0115177   0.00286863   0.00191257
  0.00832649  0.000295709  -0.00250099   0.00789585 -0.000229167 -3.34303e-05  -0.00862396  0.000199632   0.00169921  -0.00130934 -0.000861238   0.00061886 -0.000826854  0.000228674  0.000225339 -0.000875303   0.00251329   0.00112475  -0.00095338 -1.70433e-05  0.000710539 -0.000559122 -0.000660788  -0.00269248 -0.000448764  0.000944096 -7.46248e-05 -0.000778251   0.00192179 -0.000109037  0.000340278 -0.000114073   0.00412467  -0.00126477  -0.00462732    0.0122529   0.00111043    0.0103451   -0.0073453  -0.00252557  -0.00169862   0.00412276   0.00580884  -0.00259111  -0.00131921   0.00544741   0.00688206  -0.00652245   -0.0038973    0.0109066   -0.0058941   0.00447424  0.000756345 -0.000384892  -0.00345594  -0.00149736 -0.000124173   0.00150039 -0.000566358  -0.00411232   0.00204373 -0.000822557  -0.00346688
 0.000113147   0.00108359   0.00183924 -0.000872976   0.00142226 -0.000141471   0.00210346 -0.000777537 -0.000476051 -0.000428562   0.00173379 -0.000260385  0.000180076  -0.00163281  8.37038e-05   0.00204525  0.000585058  0.000240913 -0.000916326  0.000456439  0.000248266 -9.14008e-06   0.00336673   -0.0026926 -2.41538e-05  -0.00114479   -0.0002015 -0.000203506  -0.00173186   0.00141447  0.000185303   -0.0076611   0.00450787   0.00444931  -0.00358333   0.00111043    0.0109207     0.010554   -0.0120977   0.00621635  -0.00796776   0.00807297  -0.00061559  0.000584656  0.000343787     0.013255    0.0126032   -0.0176497   0.00873012  -0.00521954    0.0131339    0.0129766    0.0023374  -0.00862011   0.00310418   0.00458452   0.00419091  -0.00552052  -0.00193869  -0.00193057    -0.012608   0.00226822  -0.00081186
   0.0173684  -0.00148405  -0.00411422    0.0170625  -0.00232464  0.000772479   -0.0176431  0.000566202   0.00297909  -0.00826188  -0.00940898   0.00109113  -0.00600119  0.000587133  0.000526299  -0.00771342   0.00980721 -0.000330713  -0.00240752   0.00617103  -0.00206514  -0.00305825  -0.00368461  -0.00219846   0.00413832   0.00255492  -0.00141748   -0.0037801  -0.00952422   0.00673244  -0.00231582  -0.00875293   0.00108724  -0.00323045   -0.0148027    0.0103451     0.010554    0.0672766   -0.0182118    0.0025586   -0.0431334    0.0134239  0.000692379  -0.00196273  -0.00349071    0.0245546    0.0579082   -0.0237671    0.0076265   -0.0229822 -0.000578474    0.0171222    -0.010527    0.0011172  -0.00174171   0.00151826  0.000861438   -0.0100067   0.00031428    -0.007401   0.00301519 -0.000501449  0.000722312
 -0.00775965 -1.68537e-05   0.00231421  -0.00770017 -0.000614735  -0.00165376   0.00496163  0.000206567 -0.000861034   0.00228472   0.00128451 -0.000101623   0.00137816    0.0026211 -0.000554278  -0.00210846  -0.00322425   0.00127906  0.000892917   0.00455613  -0.00328372   0.00238277  -0.00295886   0.00515658    0.0017739   0.00105243   0.00219209   0.00108048  -0.00176639   0.00371396   -0.0028123   0.00383842  -0.00495689   0.00313184   0.00657324   -0.0073453   -0.0120977   -0.0182118    0.0379287  -0.00582416   0.00926098   -0.0277098  -0.00439716   0.00131703    0.0042757   -0.0225332   -0.0205331    0.0328856   -0.0109204   0.00380776   -0.0110229   -0.0206298   -0.0191879    0.0112546  -0.00374287   0.00766954  -0.00561529   -0.0123793  -0.00256454   0.00468609   -0.0106799 -0.000572041   0.00477646
 -0.00329054  -0.00116004   0.00264541  -0.00167528 -0.000361917  -0.00168692   0.00447938   0.00101047  -0.00115191 -0.000171916  0.000896295 -0.000664463 -0.000710197  -0.00488332  0.000126408    0.0028499  0.000718153   0.00122759   0.00101289 -0.000737241  0.000858944   0.00136291   0.00333564  -0.00321553  -0.00034093  0.000116093    0.0010066 -0.000378174  -0.00100395 -0.000610869 -0.000257831  -0.00693406   0.00669625   0.00535168   0.00367214  -0.00252557   0.00621635    0.0025586  -0.00582416    0.0118177  -0.00439855     0.010682  -0.00025544   0.00259829   0.00237273   0.00578253 -0.000478192   -0.0080355    0.0158261   -0.0105621    0.0217381   0.00605789   -0.0080082  -0.00151009    0.0124793  -0.00134498   0.00787231  -0.00463202  -0.00301477  0.000514618   -0.0125221   0.00221966   0.00468344
  -0.0118927   -0.0011054   0.00146798  -0.00925983 -0.000935699 -0.000929271    0.0120221   0.00229383  0.000938886   0.00462525   0.00284759  -1.3695e-05   0.00288539  -0.00591442 -0.000255178   0.00485233 -0.000480164  -0.00354539     0.001877    -0.006038  0.000588735   0.00225181   0.00190611  -0.00385556  -0.00457617   0.00346099  0.000291395   0.00415036   0.00761996  -0.00299513    0.0033459   0.00102859   0.00731885   0.00126342 -0.000795862  -0.00169862  -0.00796776   -0.0431334   0.00926098  -0.00439855     0.047569   -0.0154423  0.000312823  -0.00382062   0.00170636   -0.0081044   -0.0348038   0.00571625   -0.0194192    0.0422149   -0.0118285   -0.0052375    0.0158824  -0.00222168 -0.000668145   -0.0183242   0.00647418    0.0074039  -0.00112146   0.00295188   0.00743739 -0.000416587  -0.00397696
   0.0101915  -0.00203851  -0.00446658    0.0109854  0.000363376  0.000152638  -0.00775229   0.00189122  -0.00172054  -0.00170156  -0.00253107 -0.000608564 -0.000798113  -0.00303793  0.000776896   0.00288907  3.88159e-06   0.00797509 -0.000982792  -0.00385592   0.00338637  -0.00253878   0.00276183  -0.00194669  -0.00169393  -0.00109774   0.00082752  0.000283134 -0.000633906  -0.00506784  0.000842372   0.00303275  0.000957493  -0.00763517    0.0103409   0.00412276   0.00807297    0.0134239   -0.0277098     0.010682   -0.0154423    0.0491142   0.00900933  -0.00814228  -0.00519708   0.00983992   0.00988313   -0.0102272    0.0288062   -0.0185148    0.0338089   0.00797382   0.00445773  -0.00157929    0.0118176   -0.0133901   0.00136992    0.0171622   0.00244129 -0.000177141    0.0147778  -0.00072706 -0.000791888
  0.00425294  -0.00121541 -0.000261099   0.00463325 -0.000579094  -0.00108021  -0.00464219  2.11925e-05  -0.00072689   0.00130288  0.000782827  8.52413e-05    0.0012802 -0.000179313  0.000923044  0.000106978   0.00127933   0.00100453  0.000455438 -0.000955974   0.00248036  -0.00111758  -0.00268204  -0.00318041   0.00235531   -0.0004658  -0.00149995  -0.00222373    0.0030101  -0.00289271   0.00280476   0.00751866   0.00399169    0.0107791   0.00174981   0.00580884  -0.00061559  0.000692379  -0.00439716  -0.00025544  0.000312823   0.00900933    0.0301388    -0.003075  -0.00415802  -0.00156598   -0.0131042  0.000413357   0.00423447    0.0100858 -0.000503552  -0.00413567    -0.007612   -0.0026528 -0.000692446  7.69097e-05   0.00652775   -0.0113031  0.000248145  0.000758176  -0.00790436   0.00109268  -0.00146152
 -0.00196133   0.00198887   0.00348629  -0.00141117   0.00011536  -0.00075812   0.00267545 -0.000807029  0.000182673  -0.00145722   0.00311185 -0.000299712  -0.00276391   0.00049627 -4.79374e-05   0.00079944  -0.00027857   -0.0027764    0.0014414  0.000287189 -0.000323831   0.00208368   0.00190537  -0.00136878   0.00105718 -0.000960454  0.000672344  -0.00133625   0.00384388  0.000589746  -0.00182924  -0.00372235   0.00472359   0.00851852    0.0217228  -0.00259111  0.000584656  -0.00196273   0.00131703   0.00259829  -0.00382062  -0.00814228    -0.003075    0.0312192  -0.00331851  -0.00296355 -0.000469519 -0.000643536   0.00562893   0.00237489   0.00356832  -0.00797717  0.000656684  -0.00293427    0.0054049    0.0213841    0.0053182  -0.00724006  -0.00198975   0.00158011   -0.0211923   0.00323207   0.00346462
 -0.00491869   -0.0010234   0.00223279   -0.0037018 -0.000561722  2.38921e-05   0.00492404  0.000184011  -0.00108601    0.0007449  0.000349156 -0.000362977 -0.000447892  -0.00135016 -0.000152672  0.000392523 -0.000601176 -0.000641334  0.000900913   0.00079258  0.000178953   0.00143706 -2.67743e-05 -0.000191069  0.000119767 -2.88357e-05   0.00061256  0.000620031  -0.00165714 -0.000458817  1.08132e-05  -0.00221862  0.000749004   0.00198556  -0.00740753  -0.00131921  0.000343787  -0.00349071    0.0042757   0.00237273   0.00170636  -0.00519708  -0.00415802  -0.00331851   0.00866231  -0.00194489  -0.00400438   0.00095506   0.00152814  -0.00623258    0.0033182  -0.00424275  -0.00521054   0.00133502   0.00345878  -0.00399218   0.00225148  -0.00988418  6.41874e-05   0.00162383   -0.0023511 -0.000945551   0.00369048
  0.00965704  6.05942e-05   -0.0020953   0.00691721  0.000852472 -0.000928139  -0.00733688  0.000178952   0.00297292  -0.00820358 -0.000840201  0.000861397  -0.00462353  -0.00313854  0.000312571   0.00246289   0.00499538 -0.000497555  -0.00151512   0.00180427  -0.00298464  3.06271e-05   0.00530163   -0.0015704 -0.000574194    0.0020144 -0.000610164  -0.00138491  -0.00760883   0.00886374   0.00162775   -0.0142535   0.00310828  0.000790291   -0.0137364   0.00544741     0.013255    0.0245546   -0.0225332   0.00578253   -0.0081044   0.00983992  -0.00156598  -0.00296355  -0.00194489    0.0435122    0.0298205   -0.0388798   0.00595545  -0.00105815   0.00360681    0.0455096   -0.0142709   -0.0152705   0.00440204   0.00238019   0.00860547   0.00366758   -0.0064943  -0.00643786   0.00273153   0.00128292   0.00198573
   0.0181829   0.00158587  -0.00514896    0.0178666  -0.00101025   0.00358909   -0.0145498   0.00136895   0.00316622   -0.0109598   -0.0142573  0.000833367  -0.00993701   0.00675123 -9.21525e-06  -0.00449217   0.00659239 -0.000878148  -0.00421985    0.0082176  -0.00807354  -0.00522971  -0.00761301   0.00557037   0.00216932   0.00273307  -0.00122059   0.00190661   -0.0146594    0.0143661  -0.00341638  -0.00396922   -0.0158085   -0.0108679   -0.0110009   0.00688206    0.0126032    0.0579082   -0.0205331 -0.000478192   -0.0348038   0.00988313   -0.0131042 -0.000469519  -0.00400438    0.0298205    0.0878505   -0.0140483   0.00040218   -0.0305649   -0.0154707    0.0255116    0.0363213   -0.0176683   0.00124257  -0.00611788   0.00314043    0.0323548   0.00155476   -0.0112652    0.0314214  0.000146781  0.000715013
  -0.0036105  -0.00224285  0.000641836   0.00171142  -0.00112225   0.00178526  0.000855085   0.00193426  -0.00481926   0.00309266  -0.00669856  -0.00101053  -0.00235295   0.00841117  0.000846726  -0.00098542  -0.00553492   0.00344579  0.000729461   0.00455329  -0.00308821  -0.00163485   -0.0146495   0.00726845  0.000597889 -0.000489008   0.00127316   0.00638438  0.000241645  -0.00246689      0.00188    0.0240537   -0.0124241  -0.00477589    0.0205995  -0.00652245   -0.0176497   -0.0237671    0.0328856   -0.0080355   0.00571625   -0.0102272  0.000413357 -0.000643536   0.00095506   -0.0388798   -0.0140483    0.0838739  -0.00148179   -0.0175228   -0.0328622   -0.0426622  -0.00732623   0.00700123   0.00149945   0.00436936   0.00462658    0.0163606  -0.00256556  -0.00497022   0.00408696   0.00296145    0.0160326
