63 63
    0.153656   0.00272652   -0.0286587     0.154964   -0.0115344  -0.00530643    -0.119614 -0.000955077 -0.000889218   0.00454826   -0.0199848  -0.00781216   0.00551227    0.0149871  -0.00232136    0.0240182   0.00198025    0.0162993   -0.0192771   -0.0178884 -0.000943996   -0.0021095  -0.00277306   0.00797563   -0.0053415  -0.00949672   -0.0147292  -0.00631757    0.0223911   0.00499599  -0.00566385    0.0354613    0.0163345   0.00516704    0.0309998    0.0538661   -0.0208305    0.0254583    0.0349856   -0.0386218   -0.0192474   0.00511365    0.0834156   -0.0212735   -0.0743564   -0.0374395   -0.0405213    0.0118548    0.0222655    0.0535682    0.0125972   -0.0425544    0.0508014    0.0220852   -0.0116303   -0.0174994   -0.0284567    0.0277568    0.0101831   -0.0447385    0.0130674   -0.0166914    0.0403963
  0.00272652    0.0150676   0.00539957   -0.0162879   0.00911155   0.00768881    0.0122061  -0.00921875  0.000316451  -0.00344964    0.0158243   0.00371512  -0.00169907    0.0128222 -1.57965e-05   0.00136524  -0.00865259  -0.00201711  -0.00129666    0.0153142  -0.00303554   -0.0147291   0.00165401  -0.00105848    0.0019398     -0.00514  0.000746727  -0.00101778  -0.00590514   0.00425018   0.00182602   0.00281127  -0.00898096  -0.00154367   0.00645915   -0.0105178   0.00298901   -0.0138535  -0.00222685   0.00082436  -0.00365473  -0.00690618  -0.00732528    0.0156776   0.00592665  -0.00321436   0.00498296   0.00619158  -0.00441566    -0.017905  -0.00414122   0.00404841   0.00182457  -0.00396167  -0.00215524   0.00127191   0.00709593   0.00548655   0.00378261  0.000708226  -0.00833013 -0.000747366   0.00541005
  -0.0286587   0.00539957    0.0184547   -0.0332154   0.00539614    0.0136981    0.0286618  -0.00233058  -0.00574074  8.25604e-05   0.00544969   0.00509736  -0.00371503 -1.92961e-06   0.00205501  -0.00218659  -0.00123397   -0.0135987   0.00605283    0.0109849   -0.0067117  -0.00935369  -0.00206556  -0.00634447   0.00165663   0.00113698 -0.000581432 -0.000277093  -0.00817584   0.00573768  0.000860825   -0.0062038  -0.00799993  -0.00357222 -0.000911037   -0.0125535   0.00422389  -0.00805349   -0.0160616    0.0102735   0.00267147  -0.00881913   -0.0200522    0.0155105    0.0219469   0.00828034    0.0130347  -0.00480248  -0.00595623   -0.0168922  -0.00298501   0.00594651   -0.0145063   0.00127438    0.0120166   0.00261625     0.017337   0.00373321   0.00283039    0.0134723  -0.00858528   0.00437761  -0.00121775
    0.154964   -0.0162879   -0.0332154      0.19683   -0.0286429   -0.0123328    -0.143262     0.014343  -0.00559915    0.0171108   -0.0500056   -0.0132607   0.00464584  -0.00304613  -0.00320693    0.0251775    0.0132575    0.0172598    -0.019741   -0.0409872  0.000349828     0.016457   -0.0113067   0.00804291  -0.00863783   -0.0024328   -0.0164091  -0.00860597     0.031475   0.00238928   -0.0126878    0.0354396    0.0276706   0.00397282    0.0239523    0.0704447   -0.0253511    0.0428618    0.0402758   -0.0410589  -0.00941956    0.0121505    0.0961458   -0.0435302   -0.0814671   -0.0407548   -0.0492718   0.00788128    0.0261426    0.0819089    0.0207325   -0.0492703    0.0434399    0.0315908  -0.00526938   -0.0105221   -0.0416561    0.0198924   0.00589943   -0.0428772    0.0196136   -0.0145181    0.0263105
  -0.0115344   0.00911155   0.00539614   -0.0286429    0.0115746   0.00635713    0.0209249  -0.00774558  0.000980113  -0.00429133    0.0154732   0.00308097   -0.0010478   0.00852297  0.000591648 -0.000542287  -0.00605141  -0.00194112  -0.00219728    0.0115443 -5.24402e-06   -0.0128811   0.00440411  -0.00259205   0.00139731   -0.0038711   0.00117133    0.0022147  -0.00431772  0.000702035   0.00509334  -0.00151809  -0.00418394  5.88616e-05   0.00390288  -0.00951049   0.00427842   -0.0106286    -0.006425   0.00391021  -0.00334485  -0.00229609   -0.0102629     0.010664   0.00671231   0.00346089    0.0070838  0.000706904  -0.00192359   -0.0170137  -0.00215923   0.00815541  -0.00108709  -0.00278887   0.00181504   0.00109842   0.00599154   0.00674592  0.000967649   0.00268038  -0.00486237  0.000872789   0.00254218
 -0.00530643   0.00768881    0.0136981   -0.0123328   0.00635713     0.019453    0.0132207  -0.00427018  -0.00720392   0.00114835   0.00335894   0.00535447  -0.00551158   0.00559762   0.00210645   0.00276317  -0.00308011   -0.0125183  0.000318805    0.0115147  -0.00700464   -0.0173463  -0.00443621  -0.00741296  0.000537526  -0.00167418  -0.00361149 -0.000292018  -0.00580925   0.00647989   0.00332559   0.00236728  -0.00591664  -0.00118943   0.00747599  -0.00537585  -0.00161435  -0.00908354  -0.00709027    0.0018113  0.000171567   -0.0127609  -0.00492447    0.0140071    0.0103416  -0.00212595   0.00686489   0.00646193  -0.00765852   -0.0120899  -0.00867001  -0.00337691  -0.00439467   0.00757617   0.00765712 -3.53642e-05   0.00978926    0.0145183    0.0055693   0.00738071  -0.00758274   0.00182532   0.00433862
   -0.119614    0.0122061    0.0286618    -0.143262    0.0209249    0.0132207     0.125062  -0.00960034   0.00178712  -0.00984451    0.0300179   0.00803624  -0.00717789 -0.000423925   0.00302859    -0.017851   -0.0101678   -0.0133286   0.00234289    0.0252607  0.000502166    -0.029687   0.00451787  -0.00878238   0.00747225  0.000299691    0.0137045    0.0118339   -0.0176223  -0.00436459    0.0148823   -0.0222685   -0.0198162  -0.00717122   -0.0121175   -0.0483446    0.0187971   -0.0343286    -0.028115    0.0292788    0.0105647   -0.0106983   -0.0797499    0.0254149    0.0617731    0.0301729    0.0479295   0.00234672   -0.0191851   -0.0733346   -0.0167185    0.0484227   -0.0476492    -0.019406    0.0094011    0.0272349     0.024489  -0.00448377  -0.00840127    0.0341264   -0.0183796    0.0148165   -0.0247085
-0.000955077  -0.00921875  -0.00233058     0.014343  -0.00774558  -0.00427018  -0.00960034   0.00920239   -0.0013976   0.00486795   -0.0123279  -0.00152617   0.00106203  -0.00937328 -0.000417646  0.000614599     0.006575  5.42707e-05   0.00134794  -0.00888858   0.00109591    0.0108591   -0.0016181   0.00106988  -0.00242812   0.00507939 -0.000228526  -0.00132608   0.00249427  -0.00111158  -0.00359815  -0.00357742   0.00409879 -0.000947685    -0.005839   0.00579658  -0.00115906   0.00764083  -0.00165601   0.00181329   0.00637203   0.00558919   0.00365568  -0.00799216 -0.000209777   0.00266262  -0.00406099  -0.00704389   0.00185702    0.0131152   0.00506084  -0.00350098  -0.00820539   0.00478377   0.00124735    0.0051454  -0.00426656  -0.00733917  -0.00133061   0.00282626    0.0014554   0.00175333  -0.00644825
-0.000889218  0.000316451  -0.00574074  -0.00559915  0.000980113  -0.00720392   0.00178712   -0.0013976   0.00725873  -0.00630118   0.00493531 -0.000976855  0.000239936     0.001885   -0.0011924  -0.00120621 -0.000170011   0.00441422    0.0001012  -0.00118846   0.00210896   0.00442966   0.00347697   0.00370907  0.000135158  0.000282361   0.00173945   0.00180822  0.000810345  -0.00194951   0.00130332   0.00108545  -0.00101289  -0.00184223  -0.00617317 -0.000254772 -0.000107201   0.00164419  0.000949531  -0.00180792  -0.00200435   0.00228878   -0.0023591    -0.003835  -0.00299557   0.00476535    0.0018923  -0.00497353 -0.000304772  -0.00106072   -0.0029167   0.00364879 -0.000672863  -0.00376728   -0.0080567  -0.00568387 -0.000406337  -0.00495069  -0.00148825  -0.00133005   0.00529894  -0.00210845  0.000847501
  0.00454826  -0.00344964  8.25604e-05    0.0171108  -0.00429133   0.00114835  -0.00984451   0.00486795  -0.00630118    0.0391862  -0.00554236  -0.00283034    0.0226179  -0.00367418   0.00190022    0.0052972 -0.000459737   0.00393774   -0.0122658  -0.00376481   0.00570862  -0.00747508 -0.000911311  -0.00375352  -0.00326581 -0.000562927  0.000529119   -0.0121829   0.00446135  -0.00178519  -0.00793444  -0.00122983   0.00670315   0.00920316   0.00754096  -0.00101514   0.00783419  -0.00567191  -0.00319661   0.00781502   0.00854448    0.0132783    0.0155856   0.00522709   -0.0010114   -0.0138853   -0.0185009  -0.00116573   0.00325467    0.0119787    0.0205499  0.000374167   -0.0189178    0.0106944    0.0125537    0.0371163   -0.0180676  -0.00946184   0.00182959   0.00109339  -0.00784712   0.00449269   -0.0129844
  -0.0199848    0.0158243   0.00544969   -0.0500056    0.0154732   0.00335894    0.0300179   -0.0123279   0.00493531  -0.00554236    0.0363919   0.00526741   0.00175079    0.0135847 -0.000336345 -0.000368671  -0.00919017    0.0015479   0.00416568     0.019109   0.00043194   -0.0080919   0.00888759   0.00256141   0.00297807  -0.00521318    0.0041404  -0.00197063  -0.00614628   0.00212573   0.00351926 -0.000922635   -0.0132192  -0.00200053    0.0020985   -0.0189092    0.0116529   -0.0140636   -0.0117541    0.0107847  -0.00693567   0.00460561   -0.0178628    0.0166276    0.0121573    0.0111454   0.00892747   -0.0114366   0.00057232   -0.0265328   0.00753498    0.0199436  -0.00746965   -0.0117141   -0.0049392   0.00642597   0.00861176  -0.00597899    0.0017027   0.00258368  -0.00897774  0.000296687 -0.000341974
 -0.00781216   0.00371512   0.00509736   -0.0132607   0.00308097   0.00535447   0.00803624  -0.00152617 -0.000976855  -0.00283034   0.00526741   0.00600459  -0.00307973    0.0027048 -0.000753738   0.00153145  -0.00157452  -0.00414753   0.00602222   0.00827699  -0.00365201 -0.000226564 -0.000318074 -0.000846544 -0.000600234  0.000936698  0.000587057  -0.00261965  -0.00520105   0.00489995  -0.00114811  -0.00264807  -0.00646199   -0.0042169  -0.00206717  -0.00696532   0.00274785  -0.00617603  -0.00861655   0.00541812   0.00278494 -0.000650917  -0.00763706   0.00911836    0.0104393   0.00456738   0.00293911  -0.00565485  -0.00304392  -0.00533336  0.000372685  3.33893e-05  -0.00535716  -0.00223861  3.75889e-05 -0.000485766   0.00855689  -0.00601193    0.0028293   0.00521603   -0.0061989   0.00104935  -0.00164363
  0.00551227  -0.00169907  -0.00371503   0.00464584   -0.0010478  -0.00551158  -0.00717789   0.00106203  0.000239936    0.0226179   0.00175079  -0.00307973    0.0291793   -0.0016576   0.00168579   0.00101485  0.000776794   0.00415183  -0.00958153  -0.00322377   0.00727221  -0.00109474   0.00580018  2.35037e-05  -0.00217051 -0.000340576  0.000239483  -0.00785517    0.0042596  -0.00328103   -0.0074555  -0.00346516   0.00515855   0.00911991  0.000410647 -0.000556694   0.00613283   0.00124614  -0.00664807   0.00587222  0.000671024    0.0115209    0.0111579   0.00497098  -0.00305857  -0.00367774   -0.0135289   -0.0109311   0.00635602    0.0112771    0.0177578   0.00328789   -0.0187644   0.00998419   0.00784101    0.0255596  -0.00970033  -0.00720829  0.000682906   0.00215404  -0.00346685   0.00304249  -0.00368571
   0.0149871    0.0128222 -1.92961e-06  -0.00304613   0.00852297   0.00559762 -0.000423925  -0.00937328     0.001885  -0.00367418    0.0135847    0.0027048   -0.0016576    0.0217384 -0.000829386   0.00160639  -0.00882907  -0.00139859  -0.00150481    0.0140225   -0.0049232  -0.00820327 -0.000366471   0.00558188   0.00207437  -0.00573223  -0.00111255  -0.00323926  -0.00572103   0.00763635  -0.00241362    0.0147692   -0.0152604  -0.00668507   0.00665335  -0.00953797  -0.00131663   -0.0151317   0.00295851  -0.00533236   -0.0028685  -0.00843446   0.00269518    0.0131892  -0.00169207   -0.0101284  -0.00323153    0.0119387  -0.00353277   -0.0103442  -0.00888294  -0.00417807    0.0179361  -0.00976954  -0.00356823   -0.0103182    0.0142948   0.00832421   0.00484488  -0.00220019    -0.003304  -0.00175446    0.0124342
 -0.00232136 -1.57965e-05   0.00205501  -0.00320693  0.000591648   0.00210645   0.00302859 -0.000417646   -0.0011924   0.00190022 -0.000336345 -0.000753738   0.00168579 -0.000829386   0.00329093  -0.00108901  -7.3975e-06 -0.000652454 -0.000186392 -0.000593981 -0.000455697   -0.0037827 -0.000513562  -0.00125722   0.00109942 -0.000924709 -0.000351458   0.00106184  0.000272525  -0.00120667   0.00249193   0.00141018   0.00105786   0.00385459   0.00303587  0.000653065  -0.00123692 -0.000224114   0.00275513 -0.000863754  -0.00101192  -0.00273828   0.00103754 -0.000944844 -0.000221916  -0.00180695  0.000587445   0.00574116 -0.000452086   -0.0029059  -0.00393362  -0.00164427    0.0042126  -0.00109688  0.000578079  -0.00168444   0.00148699   0.00433096 -4.84559e-05  -0.00274254  -0.00139751  4.82946e-06   0.00410097
   0.0240182   0.00136524  -0.00218659    0.0251775 -0.000542287   0.00276317    -0.017851  0.000614599  -0.00120621    0.0052972 -0.000368671   0.00153145   0.00101485   0.00160639  -0.00108901    0.0232427 -5.87819e-06   0.00256055  -0.00647042  -0.00199692  -0.00392134  -0.00572378  -0.00295352  -0.00030731  -0.00843658 -0.000863388  -0.00285693  -0.00106815   0.00596034   0.00974824 -0.000507705    0.0118948  -0.00120757   -0.0115645    0.0096184    0.0138403   -0.0018314  -0.00643005  -0.00851554   -0.0022101   0.00894681    0.0146332    0.0150075  -0.00480919   -0.0128603  -0.00212647  -0.00928951  -0.00734854   0.00387469    0.0121975   0.00658805  -0.00953873   0.00642809   0.00668055  -0.00632031  -0.00466881  -0.00568073    0.0079394   0.00631546  -0.00746913   0.00777081  -0.00432267   0.00135466
  0.00198025  -0.00865259  -0.00123397    0.0132575  -0.00605141  -0.00308011   -0.0101678     0.006575 -0.000170011 -0.000459737  -0.00919017  -0.00157452  0.000776794  -0.00882907  -7.3975e-06 -5.87819e-06    0.0113526   -0.0036667   0.00153408   -0.0108944   0.00103188    0.0110927 -3.94481e-05 -8.87872e-05 -0.000859709   0.00557006  -0.00345999  0.000567396   0.00553321  -0.00172936  -0.00160789 -0.000599155   0.00616415 -0.000674984  -0.00818371     0.012307  -0.00261466    0.0206626  -0.00586646  0.000253555   -0.0034742   0.00316566   0.00606759   -0.0106354  -0.00475984    0.0110126    0.0018522   -0.0200565   0.00439663    0.0144158   0.00624005   0.00241421   -0.0149699    0.0113846   0.00350519  -0.00239993 -0.000360526  -0.00187172 -0.000404978   0.00414027   0.00530917 -0.000230979 -0.000832048
   0.0162993  -0.00201711   -0.0135987    0.0172598  -0.00194112   -0.0125183   -0.0133286  5.42707e-05   0.00441422   0.00393774    0.0015479  -0.00414753   0.00415183  -0.00139859 -0.000652454   0.00256055   -0.0036667    0.0237934  -0.00580204   -0.0099911   0.00918043   0.00108456   0.00312648   0.00459486  0.000352961  -0.00564913   0.00685818 -0.000330633    0.0109028   -0.0101541   0.00403099   0.00310269    0.0103568   0.00713535    0.0117294   0.00941769   0.00397362   0.00108368    0.0219307  -0.00386121  -0.00161877    0.0180658    0.0111763   -0.0193968   -0.0175182   -0.0100483   -0.0084237    0.0130143    0.0113677   0.00212887    0.0138516   0.00694568    0.0198048   -0.0153967   -0.0107651    0.0121313   -0.0254145  -0.00995497  -0.00663965   -0.0224267  -0.00239491  -0.00295394  -0.00657629
  -0.0192771  -0.00129666   0.00605283    -0.019741  -0.00219728  0.000318805   0.00234289   0.00134794    0.0001012   -0.0122658   0.00416568   0.00602222  -0.00958153  -0.00150481 -0.000186392  -0.00647042   0.00153408  -0.00580204    0.0394156   0.00835234   -0.0149943    0.0322173  -0.00416703   0.00853663   0.00351684    0.0039316   0.00167343  -0.00907396   -0.0136574    0.0122004  -0.00851216  -0.00323544   -0.0190769  -0.00612204   -0.0112874   -0.0143768    0.0046268 -0.000273747  -0.00658778   0.00910909  0.000857801  -0.00340813   -0.0146084   0.00968807     0.018521    0.0119067   0.00250429  -0.00850941   0.00213015  -0.00411052  -0.00232199   -0.0109362      0.02081   -0.0304955  -0.00309703   -0.0303314    0.0379944   -0.0283591   0.00107027 -0.000476825   -0.0123973  1.61433e-06   0.00716869
  -0.0178884    0.0153142    0.0109849   -0.0409872    0.0115443    0.0115147    0.0252607  -0.00888858  -0.00118846  -0.00376481     0.019109   0.00827699  -0.00322377    0.0140225 -0.000593981  -0.00199692   -0.0108944   -0.0099911   0.00835234    0.0326348   -0.0084327  -0.00960235  0.000731483   -0.0010365   0.00105661  -0.00175307   0.00205646  -0.00319434   -0.0217372    0.0132514  -0.00304766  -0.00823849   -0.0196598  -0.00688641  -0.00170277   -0.0288301   0.00709877   -0.0294834   -0.0154228   0.00989765   0.00577837   -0.0111182   -0.0216375    0.0362597    0.0262537 -2.58002e-05   0.00424532   0.00615552   -0.0120155    -0.023988   -0.0119507  -0.00619635   0.00620474   -0.0141095 -0.000754351   -0.0113848    0.0302406  -0.00427554   0.00712416     0.010644   -0.0143208   0.00153787   0.00635202
-0.000943996  -0.00303554   -0.0067117  0.000349828 -5.24402e-06  -0.00700464  0.000502166   0.00109591   0.00210896   0.00570862   0.00043194  -0.00365201   0.00727221   -0.0049232 -0.000455697  -0.00392134   0.00103188   0.00918043   -0.0149943   -0.0084327    0.0194696  -0.00533056    0.0108141   -0.0078992 -8.57334e-05 -0.000541643   0.00228297   0.00297908   0.00889351   -0.0203607   0.00527927   -0.0157219    0.0256563    0.0214314 -0.000277728   0.00486894   0.00223676    0.0105847   0.00836096   0.00104777  -0.00685664   0.00568412    0.0072828  -0.00697887  -0.00796595  -0.00194458  -0.00265045  -0.00234717    0.0010111   0.00610736    0.0105545    0.0154668   -0.0217282      0.01799   0.00309759    0.0274373   -0.0337977  0.000489419  -0.00363053   0.00128158   0.00402795 -0.000302452    -0.012544
  -0.0021095   -0.0147291  -0.00935369     0.016457   -0.0128811   -0.0173463    -0.029687    0.0108591   0.00442966  -0.00747508   -0.0080919 -0.000226564  -0.00109474  -0.00820327   -0.0037827  -0.00572378    0.0110927   0.00108456    0.0322173  -0.00960235  -0.00533056    0.0638935   0.00257145    0.0159162  -0.00100683   0.00936305 -6.51274e-05   -0.0113651  -0.00475512   0.00643458   -0.0202244  -0.00705492   -0.0063416  -0.00485435   -0.0241137 -0.000647686    0.0028993    0.0202008  -0.00712542   0.00629918   0.00170898    0.0113754   0.00423563  -0.00648749   0.00193946    0.0132248   -0.0141373   -0.0285634     0.013351    0.0304719    0.0152919   -0.0131158   0.00985263    -0.016574  0.000207502   -0.0204203    0.0246452    -0.036763  -0.00360877   0.00418924   -0.0010109   0.00122768 -0.000889097
 -0.00277306   0.00165401  -0.00206556   -0.0113067   0.00440411  -0.00443621   0.00451787   -0.0016181   0.00347697 -0.000911311   0.00888759 -0.000318074   0.00580018 -0.000366471 -0.000513562  -0.00295352 -3.94481e-05   0.00312648  -0.00416703  0.000731483    0.0108141   0.00257145    0.0185513  -0.00490233  -0.00161568  0.000106931    0.0011488  0.000528687   9.0716e-06   -0.0113881   0.00136986   -0.0218619    0.0164174     0.015777    -0.005921  -0.00393084   0.00634518   0.00523438  -0.00875872    0.0068671  -0.00789118   0.00643101  -0.00186981   0.00677228 -0.000558734   0.00813709  -0.00292037   -0.0183246   0.00416334   0.00138557    0.0129793     0.011037   -0.0231194    0.0166087   0.00775203    0.0219598   -0.0133833 -0.000420279  -0.00139478   0.00955802 -0.000327212   0.00209436  -0.00363028
  0.00797563  -0.00105848  -0.00634447   0.00804291  -0.00259205  -0.00741296  -0.00878238   0.00106988   0.00370907  -0.00375352   0.00256141 -0.000846544  2.35037e-05   0.00558188  -0.00125722  -0.00030731 -8.87872e-05   0.00459486   0.00853663   -0.0010365   -0.0078992    0.0159162  -0.00490233    0.0214128   0.00134417  0.000139956   0.00226887  -0.00417651 -0.000174133   0.00954003  -0.00767934    0.0187958   -0.0268415   -0.0191213  0.000488051  -0.00281282  -0.00147792  -0.00465956   0.00694916  -0.00284306   0.00646276   0.00471583  -0.00284209  -0.00839649  -0.00138468 -0.000294566  -0.00219019   0.00352184   0.00697324   -0.0014702   0.00230624  -0.00306862    0.0189017   -0.0230142  -0.00998363  -0.00678584    0.0150324  -0.00746551  -0.00337656  -0.00790077  -0.00263132   0.00300495   0.00468297
  -0.0053415    0.0019398   0.00165663  -0.00863783   0.00139731  0.000537526   0.00747225  -0.00242812  0.000135158  -0.00326581   0.00297807 -0.000600234  -0.00217051   0.00207437   0.00109942  -0.00843658 -0.000859709  0.000352961   0.00351684   0.00105661 -8.57334e-05  -0.00100683  -0.00161568   0.00134417   0.00840621  -0.00209071  0.000968913  0.000110096 -0.000238213  -0.00316493   0.00192385   0.00307945   -0.0026344   0.00619176  0.000241191  -0.00290968   0.00188768   0.00651823   0.00807488 -0.000361317   -0.0101592  -0.00730718  -0.00419163   -0.0016618   0.00283418  0.000597828   0.00712759   0.00295499  0.000819627   -0.0107419 -0.000746507   0.00931151   0.00416506   -0.0100321   0.00268123  -0.00318878   0.00626122  -0.00302813  -0.00183637  -0.00418067  -0.00621277 -0.000293802   0.00434332
 -0.00949672     -0.00514   0.00113698   -0.0024328   -0.0038711  -0.00167418  0.000299691   0.00507939  0.000282361 -0.000562927  -0.00521318  0.000936698 -0.000340576  -0.00573223 -0.000924709 -0.000863388   0.00557006  -0.00564913    0.0039316  -0.00175307 -0.000541643   0.00936305  0.000106931  0.000139956  -0.00209071   0.00759844     -0.00104 -0.000873751  -0.00244108   0.00099543  -0.00316256  -0.00602254 -0.000488581  -0.00325621   -0.0116112 -0.000890586  -0.00112182   0.00479514  -0.00919745   0.00439163   0.00589974 -0.000213852  -0.00440312  0.000700828   0.00785051   0.00893585   0.00184367   -0.0133941  -0.00448132   0.00838264  -0.00131407  -0.00171239   -0.0163162   0.00621671  -2.2787e-05  -0.00213172   0.00426638  -0.00826145  0.000949475   0.00977705    0.0034844   0.00146664  -0.00500801
  -0.0147292  0.000746727 -0.000581432   -0.0164091   0.00117133  -0.00361149    0.0137045 -0.000228526   0.00173945  0.000529119    0.0041404  0.000587057  0.000239483  -0.00111255 -0.000351458  -0.00285693  -0.00345999   0.00685818   0.00167343   0.00205646   0.00228297 -6.51274e-05    0.0011488   0.00226887  0.000968913     -0.00104   0.00725335 -0.000380028  -0.00117976  -0.00287509  0.000971428  -0.00464247  -0.00250832 -0.000807251   0.00106999  -0.00784472   0.00558389   -0.0086988   0.00357515   0.00526042   0.00548446   0.00572725   -0.0118459 -0.000610296    0.0077795   0.00020512   0.00320177   0.00661394   0.00083321   -0.0102812   0.00348138   0.00758627   0.00150878   -0.0138161  -0.00308492   0.00983276  -0.00235284   -0.0113769  -0.00412136  -0.00264113  -0.00738784   0.00247521  -0.00820111
 -0.00631757  -0.00101778 -0.000277093  -0.00860597    0.0022147 -0.000292018    0.0118339  -0.00132608   0.00180822   -0.0121829  -0.00197063  -0.00261965  -0.00785517  -0.00323926   0.00106184  -0.00106815  0.000567396 -0.000330633  -0.00907396  -0.00319434   0.00297908   -0.0113651  0.000528687  -0.00417651  0.000110096 -0.000873751 -0.000380028    0.0169158   0.00266398  -0.00619418    0.0120608 -0.000905437   0.00799672 -0.000360657   0.00341087   0.00639283  -0.00869311 -0.000292929   0.00789442     -0.00878 -0.000620742  -0.00842573  -0.00626052  -0.00931215  -0.00619269   0.00231409    0.0114323    0.0148302   -0.0052377  -0.00683425   -0.0192446  0.000277681    0.0108663   0.00367847  -0.00723188   -0.0146744  -0.00537874    0.0213361   -0.0032308  -0.00454862    0.0100733  -0.00289714   0.00510596
   0.0223911  -0.00590514  -0.00817584     0.031475  -0.00431772  -0.00580925   -0.0176223   0.00249427  0.000810345   0.00446135  -0.00614628  -0.00520105    0.0042596  -0.00572103  0.000272525   0.00596034   0.00553321    0.0109028   -0.0136574   -0.0217372   0.00889351  -0.00475512   9.0716e-06 -0.000174133 -0.000238213  -0.00244108  -0.00117976   0.00266398    0.0235351   -0.0112279   0.00540924     0.012315    0.0151252   0.00407994    0.0106973    0.0260929  -0.00413189    0.0208559    0.0133285  -0.00883813  -0.00767597    0.0119893    0.0192488   -0.0287253   -0.0249945  -0.00187485 -0.000842795  -0.00382423    0.0124014    0.0131567    0.0155953     0.013017  -0.00750806    0.0134345   0.00104836    0.0182801     -0.03195   0.00892968  -0.00445686   -0.0135645    0.0108755  -0.00246992  -0.00611167
  0.00499599   0.00425018   0.00573768   0.00238928  0.000702035   0.00647989  -0.00436459  -0.00111158  -0.00194951  -0.00178519   0.00212573   0.00489995  -0.00328103   0.00763635  -0.00120667   0.00974824  -0.00172936   -0.0101541    0.0122004    0.0132514   -0.0203607   0.00643458   -0.0113881   0.00954003  -0.00316493   0.00099543  -0.00287509  -0.00619418   -0.0112279    0.0305597   -0.0114129    0.0180946   -0.0318406   -0.0308445  -0.00117824   -0.0066853   0.00172863   -0.0161189   -0.0214403   0.00237812    0.0118849   0.00373631  -0.00436421    0.0138114   0.00872563   0.00226992  -0.00365108  -0.00753611   0.00238574  -0.00136711  -0.00221786   -0.0186259    0.0190446   -0.0163929  -0.00120305    -0.024324    0.0397406  -0.00244247   0.00669963   0.00357085  -0.00329622   0.00109517    0.0115129
 -0.00566385   0.00182602  0.000860825   -0.0126878   0.00509334   0.00332559    0.0148823  -0.00359815   0.00130332  -0.00793444   0.00351926  -0.00114811   -0.0074555  -0.00241362   0.00249193 -0.000507705  -0.00160789   0.00403099  -0.00851216  -0.00304766   0.00527927   -0.0202244   0.00136986  -0.00767934   0.00192385  -0.00316256  0.000971428    0.0120608   0.00540924   -0.0114129    0.0207121 -0.000182855    0.0123277   0.00983268   0.00722212   0.00747327  -0.00513853   0.00152408    0.0124058  -0.00620495  -0.00647051  -0.00592063  -0.00286713   -0.0110802  -0.00600005   0.00252711    0.0129795    0.0140919  -0.00662894   -0.0139119   -0.0158024   0.00740133  0.000705391   0.00290191   -0.0111452  -0.00442901   -0.0175545    0.0139418  -0.00206602   -0.0088985   0.00565821  -0.00469638 -3.68973e-05
   0.0354613   0.00281127   -0.0062038    0.0354396  -0.00151809   0.00236728   -0.0222685  -0.00357742   0.00108545  -0.00122983 -0.000922635  -0.00264807  -0.00346516    0.0147692   0.00141018    0.0118948 -0.000599155   0.00310269  -0.00323544  -0.00823849   -0.0157219  -0.00705492   -0.0218619    0.0187958   0.00307945  -0.00602254  -0.00464247 -0.000905437     0.012315    0.0180946 -0.000182855     0.062034   -0.0324895   -0.0304501     0.018561    0.0192093   -0.0135098  -0.00159477    0.0185905   -0.0210959   0.00200802  -0.00040478    0.0228074   -0.0252702   -0.0244731   -0.0143557  -0.00167522    0.0215228    0.0055446  0.000482172   -0.0125741   -0.0106596    0.0444587   -0.0236018   -0.0177891   -0.0318198     0.015906    0.0172976   0.00242349   -0.0254039   0.00865746  -0.00531519    0.0190304
   0.0163345  -0.00898096  -0.00799993    0.0276706  -0.00418394  -0.00591664   -0.0198162   0.00409879  -0.00101289   0.00670315   -0.0132192  -0.00646199   0.00515855   -0.0152604   0.00105786  -0.00120757   0.00616415    0.0103568   -0.0190769   -0.0196598    0.0256563   -0.0063416    0.0164174   -0.0268415   -0.0026344 -0.000488581  -0.00250832   0.00799672    0.0151252   -0.0318406    0.0123277   -0.0324895    0.0672907    0.0441029   0.00247879    0.0242832   -0.0018658    0.0285149    0.0120959  -0.00422544   -0.0164612    0.0053989    0.0275403    -0.013289   -0.0256392  -0.00603845   -0.0107229  -0.00308956   0.00346428     0.027497   0.00971501   0.00556848   -0.0164064     0.038523    0.0135765    0.0173451   -0.0510216   0.00942094  -0.00270071  -0.00349251    0.0138433  -0.00757842  -0.00913091
  0.00516704  -0.00154367  -0.00357222   0.00397282  5.88616e-05  -0.00118943  -0.00717122 -0.000947685  -0.00184223   0.00920316  -0.00200053   -0.0042169   0.00911991  -0.00668507   0.00385459   -0.0115645 -0.000674984   0.00713535  -0.00612204  -0.00688641    0.0214314  -0.00485435     0.015777   -0.0191213   0.00619176  -0.00325621 -0.000807251 -0.000360657   0.00407994   -0.0308445   0.00983268   -0.0304501    0.0441029    0.0736727  -0.00626474   0.00334797   0.00401412    0.0236474    0.0221769   0.00163169   -0.0283374    -0.016063    0.0210909   0.00261712  -0.00622937   -0.0116964   -0.0085599   0.00342086  -0.00744116   0.00476338   0.00125583   0.00828515   -0.0263444    0.0323018    0.0125031    0.0297669   -0.0390052   0.00101883   0.00165143  -0.00140739  -0.00592634  -0.00487371   0.00280178
   0.0309998   0.00645915 -0.000911037    0.0239523   0.00390288   0.00747599   -0.0121175    -0.005839  -0.00617317   0.00754096    0.0020985  -0.00206717  0.000410647   0.00665335   0.00303587    0.0096184  -0.00818371    0.0117294   -0.0112874  -0.00170277 -0.000277728   -0.0241137    -0.005921  0.000488051  0.000241191   -0.0116112   0.00106999   0.00341087    0.0106973  -0.00117824   0.00722212     0.018561   0.00247879  -0.00626474    0.0500441    0.0101134  -0.00579623   -0.0169058    0.0255603    -0.010768   0.00483828   0.00791571    0.0179686   -0.0049228   -0.0254984     -0.02503  -0.00818867    0.0447049    0.0137918  -0.00415951   0.00459989  -0.00688656       0.0578   -0.0197326 -0.000255673  -0.00235796   -0.0114596    0.0264842  -0.00296059   -0.0331864  -0.00629677    -0.001005   0.00966166
   0.0538661   -0.0105178   -0.0125535    0.0704447  -0.00951049  -0.00537585   -0.0483446   0.00579658 -0.000254772  -0.00101514   -0.0189092  -0.00696532 -0.000556694  -0.00953797  0.000653065    0.0138403     0.012307   0.00941769   -0.0143768   -0.0288301   0.00486894 -0.000647686  -0.00393084  -0.00281282  -0.00290968 -0.000890586  -0.00784472   0.00639283    0.0260929   -0.0066853   0.00747327    0.0192093    0.0242832   0.00334797    0.0101134    0.0535569   -0.0128896    0.0389979    0.0157634    -0.019166   -0.0135257   0.00978042    0.0410818   -0.0410932   -0.0419496  -0.00158948  -0.00310943   -0.0112353    0.0153343    0.0341902   0.00976275  -0.00540519   0.00630834    0.0229488  -0.00239118   -0.0119258   -0.0283895    0.0169789  -0.00101191   -0.0243757    0.0189323   -0.0107273   0.00730971
  -0.0208305   0.00298901   0.00422389   -0.0253511   0.00427842  -0.00161435    0.0187971  -0.00115906 -0.000107201   0.00783419    0.0116529   0.00274785   0.00613283  -0.00131663  -0.00123692   -0.0018314  -0.00261466   0.00397362    0.0046268   0.00709877   0.00223676    0.0028993   0.00634518  -0.00147792   0.00188768  -0.00112182   0.00558389  -0.00869311  -0.00413189   0.00172863  -0.00513853   -0.0135098   -0.0018658   0.00401412  -0.00579623   -0.0128896    0.0249483 -0.000586309   -0.0216929    0.0219051  -0.00487788    0.0194794   -0.0150988    0.0122654    0.0159647    0.0137252   0.00258738   -0.0309152    0.0112231   -0.0134118    0.0328747    0.0248168   -0.0217242   -0.0122752    0.0149717    0.0231483   0.00861189   -0.0264736  -0.00148405   0.00756526   -0.0192286   0.00530455   -0.0121146
   0.0254583   -0.0138535  -0.00805349    0.0428618   -0.0106286  -0.00908354   -0.0343286   0.00764083   0.00164419  -0.00567191   -0.0140636  -0.00617603   0.00124614   -0.0151317 -0.000224114  -0.00643005    0.0206626   0.00108368 -0.000273747   -0.0294834    0.0105847    0.0202008   0.00523438  -0.00465956   0.00651823   0.00479514   -0.0086988 -0.000292929    0.0208559   -0.0161189   0.00152408  -0.00159477    0.0285149    0.0236474   -0.0169058    0.0389979 -0.000586309       0.0784    0.0038153   -0.0053417     -0.04486   0.00193153    0.0264788   -0.0314615     -0.02535    0.0234812    0.0107802   -0.0541138    0.0172652    0.0265821    0.0279322    0.0263791   -0.0471474    0.0326438   0.00831917   0.00871329   -0.0206104  -0.00870448  -0.00298438 -2.77849e-05   0.00171956   -0.0058949  0.000571523
   0.0349856  -0.00222685   -0.0160616    0.0402758    -0.006425  -0.00709027    -0.028115  -0.00165601  0.000949531  -0.00319661   -0.0117541  -0.00861655  -0.00664807   0.00295851   0.00275513  -0.00851554  -0.00586646    0.0219307  -0.00658778   -0.0154228   0.00836096  -0.00712542  -0.00875872   0.00694916   0.00807488  -0.00919745   0.00357515   0.00789442    0.0133285   -0.0214403    0.0124058    0.0185905    0.0120959    0.0221769    0.0255603    0.0157634   -0.0216929    0.0038153    0.0797632   -0.0307171  -0.00713938   -0.0250539    0.0225168   -0.0351468   -0.0306816   -0.0409803  -0.00525639    0.0771304  -0.00739749   0.00090495   -0.0298058   -0.0118566    0.0595326   -0.0172547   -0.0246462  -0.00953699   -0.0384621    0.0168655  -0.00948404   -0.0421199    0.0030101  -0.00814838    0.0102113
  -0.0386218   0.00082436    0.0102735   -0.0410589   0.00391021    0.0018113    0.0292788   0.00181329  -0.00180792   0.00781502    0.0107847   0.00541812   0.00587222  -0.00533236 -0.000863754   -0.0022101  0.000253555  -0.00386121   0.00910909   0.00989765   0.00104777   0.00629918    0.0068671  -0.00284306 -0.000361317   0.00439163   0.00526042     -0.00878  -0.00883813   0.00237812  -0.00620495   -0.0210959  -0.00422544   0.00163169    -0.010768    -0.019166    0.0219051   -0.0053417   -0.0307171    0.0300978   0.00605996    0.0167503   -0.0243782    0.0179322    0.0293445    0.0201666   0.00607282   -0.0344794   0.00486839    -0.011227    0.0278528    0.0211032   -0.0331996  -0.00857015    0.0181107     0.022789    0.0155711     -0.02812 -0.000119414    0.0170425   -0.0181617   0.00867766   -0.0161909
  -0.0192474  -0.00365473   0.00267147  -0.00941956  -0.00334485  0.000171567    0.0105647   0.00637203  -0.00200435   0.00854448  -0.00693567   0.00278494  0.000671024   -0.0028685  -0.00101192   0.00894681   -0.0034742  -0.00161877  0.000857801   0.00577837  -0.00685664   0.00170898  -0.00789118   0.00646276   -0.0101592   0.00589974   0.00548446 -0.000620742  -0.00767597    0.0118849  -0.00647051   0.00200802   -0.0164612   -0.0283374   0.00483828   -0.0135257  -0.00487788     -0.04486  -0.00713938   0.00605996    0.0530308   0.00972755   -0.0133563   0.00393218     0.016976   -0.0106064  -0.00770133    0.0282942  -0.00884267   0.00921085   -0.0137021   -0.0257298    0.0223841   -0.0176194  -0.00422352  -0.00453336      0.01154   -0.0035939  -0.00165207  0.000408313   0.00652079   0.00750149    -0.011283
  0.00511365  -0.00690618  -0.00881913    0.0121505  -0.00229609   -0.0127609   -0.0106983   0.00558919   0.00228878    0.0132783   0.00460561 -0.000650917    0.0115209  -0.00843446  -0.00273828    0.0146332   0.00316566    0.0180658  -0.00340813   -0.0111182   0.00568412    0.0113754   0.00643101   0.00471583  -0.00730718 -0.000213852   0.00572725  -0.00842573    0.0119893   0.00373631  -0.00592063  -0.00040478    0.0053989    -0.016063   0.00791571   0.00978042    0.0194794   0.00193153   -0.0250539    0.0167503   0.00972755    0.0584444    0.0101692    -0.014237   -0.0113276    0.0129992   -0.0154872   -0.0362965    0.0310781    0.0130926    0.0538498    0.0163888 -0.000685822    -0.013436   0.00427842    0.0241261   -0.0109494   -0.0213363   -0.0040943  -0.00607323  -0.00351742   0.00405512   -0.0203745
   0.0834156  -0.00732528   -0.0200522    0.0961458   -0.0102629  -0.00492447   -0.0797499   0.00365568   -0.0023591    0.0155856   -0.0178628  -0.00763706    0.0111579   0.00269518   0.00103754    0.0150075   0.00606759    0.0111763   -0.0146084   -0.0216375    0.0072828   0.00423563  -0.00186981  -0.00284209  -0.00419163  -0.00440312   -0.0118459  -0.00626052    0.0192488  -0.00436421  -0.00286713    0.0228074    0.0275403    0.0210909    0.0179686    0.0410818   -0.0150988    0.0264788    0.0225168   -0.0243782   -0.0133563    0.0101692    0.0798479   -0.0206812   -0.0550011   -0.0293973   -0.0399966   0.00549208    0.0132709    0.0535294   0.00990543   -0.0300995     0.031489    0.0279557  -0.00434882   -0.0113891   -0.0309204    0.0197392   0.00817388   -0.0262383    0.0159403   -0.0127983    0.0198653
  -0.0212735    0.0156776    0.0155105   -0.0435302     0.010664    0.0140071    0.0254149  -0.00799216    -0.003835   0.00522709    0.0166276   0.00911836   0.00497098    0.0131892 -0.000944844  -0.00480919   -0.0106354   -0.0193968   0.00968807    0.0362597  -0.00697887  -0.00648749   0.00677228  -0.00839649   -0.0016618  0.000700828 -0.000610296  -0.00931215   -0.0287253    0.0138114   -0.0110802   -0.0252702    -0.013289   0.00261712   -0.0049228   -0.0410932    0.0122654   -0.0314615   -0.0351468    0.0179322   0.00393218    -0.014237   -0.0206812    0.0694198    0.0332507   0.00159631  -0.00388483  -0.00889782   -0.0145566   -0.0153399  -0.00725004   -0.0114857   -0.0189567   0.00294028    0.0138467   0.00294093    0.0347713   -0.0114455    0.0124569    0.0280361    -0.016748   0.00429385   0.00525495
  -0.0743564   0.00592665    0.0219469   -0.0814671   0.00671231    0.0103416    0.0617731 -0.000209777  -0.00299557   -0.0010114    0.0121573    0.0104393  -0.00305857  -0.00169207 -0.000221916   -0.0128603  -0.00475984   -0.0175182     0.018521    0.0262537  -0.00796595   0.00193946 -0.000558734  -0.00138468   0.00283418   0.00785051    0.0077795  -0.00619269   -0.0249945   0.00872563  -0.00600005   -0.0244731   -0.0256392  -0.00622937   -0.0254984   -0.0419496    0.0159647     -0.02535   -0.0306816    0.0293445     0.016976   -0.0113276   -0.0550011    0.0332507    0.0637871    0.0199663    0.0216239   -0.0133618   -0.0193217   -0.0335105  -0.00609785    0.0122481   -0.0437269   -0.0148105   0.00927579    0.0157328    0.0349219   -0.0326418   0.00127571    0.0328179   -0.0234155    0.0123246   -0.0178669
  -0.0374395  -0.00321436   0.00828034   -0.0407548   0.00346089  -0.00212595    0.0301729   0.00266262   0.00476535   -0.0138853    0.0111454   0.00456738  -0.00367774   -0.0101284  -0.00180695  -0.00212647    0.0110126   -0.0100483    0.0119067 -2.58002e-05  -0.00194458    0.0132248   0.00813709 -0.000294566  0.000597828   0.00893585   0.00020512   0.00231409  -0.00187485   0.00226992   0.00252711   -0.0143557  -0.00603845   -0.0116964     -0.02503  -0.00158948    0.0137252    0.0234812   -0.0409803    0.0201666   -0.0106064    0.0129992   -0.0293973   0.00159631    0.0199663    0.0560079    0.0276242    -0.068356   0.00918077    -0.010481    0.0206595    0.0354085   -0.0514614  -0.00324234   0.00275788  -0.00449943    0.0261738   -0.0269733  -0.00163623    0.0190793   -0.0109148   0.00322488  -0.00885627
  -0.0405213   0.00498296    0.0130347   -0.0492718    0.0070838   0.00686489    0.0479295  -0.00406099    0.0018923   -0.0185009   0.00892747   0.00293911   -0.0135289  -0.00323153  0.000587445  -0.00928951    0.0018522   -0.0084237   0.00250429   0.00424532  -0.00265045   -0.0141373  -0.00292037  -0.00219019   0.00712759   0.00184367   0.00320177    0.0114323 -0.000842795  -0.00365108    0.0129795  -0.00167522   -0.0107229   -0.0085599  -0.00818867  -0.00310943   0.00258738    0.0107802  -0.00525639   0.00607282  -0.00770133   -0.0154872   -0.0399966  -0.00388483    0.0216239    0.0276242    0.0509666   -0.0084608  -0.00643579   -0.0344549   -0.0123208    0.0294022   -0.0334588   -0.0080091  0.000990906 -0.000131359      0.01193   -0.0038759  -0.00796217   0.00720254  -0.00529981   0.00321383  -0.00955774
   0.0118548   0.00619158  -0.00480248   0.00788128  0.000706904   0.00646193   0.00234672  -0.00704389  -0.00497353  -0.00116573   -0.0114366  -0.00565485   -0.0109311    0.0119387   0.00574116  -0.00734854   -0.0200565    0.0130143  -0.00850941   0.00615552  -0.00234717   -0.0285634   -0.0183246   0.00352184   0.00295499   -0.0133941   0.00661394    0.0148302  -0.00382423  -0.00753611    0.0140919    0.0215228  -0.00308956   0.00342086    0.0447049   -0.0112353   -0.0309152   -0.0541138    0.0771304   -0.0344794    0.0282942   -0.0362965   0.00549208  -0.00889782   -0.0133618    -0.068356   -0.0084608     0.151414   -0.0218254   -0.0208887   -0.0727651   -0.0478891    0.0985471   -0.0358245    -0.026069   -0.0159551   -0.0174134    0.0460124   -0.0106178   -0.0348111   0.00590114 -0.000111179    0.0128534
